,0
0,25.4
1,25.395
2,25.426
3,25.581
4,25.416
5,25.509
6,25.529
7,25.597
8,25.509
9,25.638
10,25.669
11,25.612
12,25.576
13,25.561
14,25.659
15,25.571
16,25.54
17,25.504
18,25.571
19,25.504
20,25.654
21,25.555
22,25.514
23,25.519
24,25.659
25,25.566
26,25.483
27,25.571
28,25.576
29,25.529
30,25.581
31,25.457
32,25.519
33,25.581
34,25.623
35,25.695
36,25.664
37,25.948
38,25.886
39,26.02
40,26.077
41,26.0
42,26.087
43,26.288
44,26.308
45,26.303
46,26.303
47,26.396
48,26.452
49,26.519
50,26.703
51,26.606
52,26.724
53,26.678
54,26.795
55,26.841
56,26.913
57,27.0
58,27.102
59,27.081
60,27.112
61,27.25
62,27.346
63,27.321
64,27.463
65,27.469
66,27.641
67,27.738
68,27.945
69,28.198
70,28.309
71,28.516
72,28.777
73,29.093
74,29.613
75,30.066
76,30.447
77,30.764
78,30.99
79,30.872
80,31.103
81,30.877
82,30.665
83,30.393
84,29.961
85,29.448
86,28.933
87,28.339
88,28.319
89,27.915
90,27.636
91,27.601
92,27.651
93,27.469
94,27.321
95,27.275
96,27.102
97,27.081
98,27.02
99,26.964
100,26.954
101,26.995
102,26.898
103,26.785
104,26.734
105,26.734
106,26.662
107,26.519
108,26.437
109,26.596
110,26.493
111,26.277
112,26.426
113,26.452
114,26.39
115,26.38
116,26.236
117,26.272
118,26.025
119,26.221
120,26.118
121,26.164
122,26.159
123,25.984
124,25.984
125,26.046
126,26.066
127,26.103
128,25.958
129,25.917
130,25.994
131,25.989
132,25.974
133,26.03
134,25.927
135,25.948
136,25.881
137,26.02
138,25.989
139,25.994
140,26.051
141,26.01
142,26.0
143,25.979
144,26.041
145,25.974
146,26.02
147,25.943
148,26.051
149,25.917
150,25.86
151,25.974
152,25.886
153,25.902
154,25.927
155,25.871
156,25.871
157,25.891
158,25.783
159,25.762
160,25.41
161,25.504
162,25.555
163,25.524
164,25.473
165,25.535
166,25.566
167,25.648
168,25.514
169,25.607
170,25.535
171,25.54
172,25.638
173,25.659
174,25.555
175,25.617
176,25.659
177,25.509
178,25.679
179,25.612
180,25.519
181,25.726
182,25.586
183,25.638
184,25.607
185,25.607
186,25.41
187,25.566
188,25.467
189,25.498
190,25.519
191,25.488
192,25.514
193,25.55
194,25.648
195,25.674
196,25.586
197,25.855
198,25.907
199,25.917
200,26.051
201,26.195
202,26.241
203,26.267
204,26.334
205,26.421
206,26.421
207,26.56
208,26.509
209,26.662
210,26.534
211,26.76
212,26.754
213,26.8
214,26.898
215,26.882
216,27.025
217,27.102
218,27.071
219,27.183
220,27.168
221,27.362
222,27.29
223,27.474
224,27.458
225,27.601
226,27.717
227,27.849
228,27.94
229,28.138
230,28.39
231,28.657
232,28.893
233,29.199
234,29.852
235,30.16
236,30.541
237,30.887
238,30.971
239,31.01
240,31.025
241,30.877
242,30.739
243,30.304
244,29.907
245,29.443
246,28.993
247,28.591
248,28.143
249,27.956
250,27.656
251,27.641
252,27.687
253,27.438
254,27.25
255,27.311
256,27.127
257,27.076
258,27.127
259,27.015
260,26.77
261,26.923
262,26.836
263,26.831
264,26.647
265,26.785
266,26.673
267,26.606
268,26.539
269,26.462
270,26.596
271,26.432
272,26.442
273,26.483
274,26.447
275,26.303
276,26.298
277,26.2
278,26.277
279,26.329
280,26.077
281,26.133
282,25.989
283,25.994
284,26.051
285,26.087
286,25.989
287,26.072
288,26.041
289,26.036
290,25.953
291,25.974
292,25.953
293,26.03
294,26.036
295,25.943
296,26.005
297,25.963
298,26.02
299,25.963
300,25.922
301,25.969
302,26.005
303,25.896
304,26.036
305,25.881
306,26.061
307,25.994
308,25.963
309,25.974
310,25.953
311,25.886
312,25.948
313,25.953
314,25.943
315,25.829
316,25.958
317,25.938
318,25.855
319,25.829
320,25.39
321,25.384
322,25.493
323,25.524
324,25.509
325,25.55
326,25.41
327,25.685
328,25.607
329,25.54
330,25.597
331,25.628
332,25.555
333,25.664
334,25.586
335,25.561
336,25.628
337,25.571
338,25.561
339,25.747
340,25.571
341,25.576
342,25.529
343,25.561
344,25.617
345,25.623
346,25.633
347,25.426
348,25.555
349,25.498
350,25.447
351,25.478
352,25.473
353,25.452
354,25.55
355,25.504
356,25.488
357,25.871
358,25.917
359,25.922
360,26.087
361,26.123
362,26.257
363,26.334
364,26.339
365,26.426
366,26.56
367,26.632
368,26.565
369,26.693
370,26.754
371,26.8
372,26.77
373,26.954
374,26.903
375,26.995
376,27.036
377,27.066
378,27.132
379,27.209
380,27.346
381,27.413
382,27.321
383,27.423
384,27.565
385,27.606
386,27.702
387,27.925
388,27.966
389,28.299
390,28.36
391,28.797
392,28.898
393,29.388
394,29.703
395,30.249
396,30.531
397,30.828
398,31.099
399,30.907
400,30.985
401,30.887
402,30.729
403,30.334
404,30.026
405,29.403
406,28.903
407,28.536
408,28.289
409,28.001
410,27.738
411,27.672
412,27.631
413,27.514
414,27.255
415,27.382
416,27.26
417,27.178
418,27.046
419,27.041
420,26.984
421,26.939
422,26.893
423,26.8
424,26.76
425,26.734
426,26.601
427,26.56
428,26.519
429,26.426
430,26.534
431,26.416
432,26.416
433,26.396
434,26.385
435,26.298
436,26.313
437,26.272
438,26.221
439,26.216
440,25.963
441,25.958
442,26.154
443,26.02
444,25.979
445,25.984
446,25.963
447,26.015
448,26.005
449,26.01
450,25.943
451,26.005
452,25.871
453,25.984
454,25.974
455,26.01
456,26.005
457,25.912
458,25.912
459,25.907
460,25.938
461,26.015
462,25.948
463,25.963
464,26.02
465,25.902
466,25.989
467,26.02
468,25.85
469,25.896
470,26.0
471,26.015
472,25.922
473,25.938
474,25.958
475,25.695
476,25.747
477,25.907
478,25.912
479,25.84
480,25.405
481,25.535
482,25.524
483,25.529
484,25.524
485,25.514
486,25.452
487,25.561
488,25.576
489,25.586
490,25.592
491,25.7
492,25.597
493,25.669
494,25.633
495,25.545
496,25.597
497,25.54
498,25.674
499,25.659
500,25.669
501,25.633
502,25.648
503,25.493
504,25.607
505,25.586
506,25.566
507,25.462
508,25.519
509,25.55
510,25.602
511,25.473
512,25.462
513,25.478
514,25.421
515,25.664
516,25.602
517,25.938
518,25.834
519,25.974
520,26.288
521,26.241
522,26.262
523,26.406
524,26.308
525,26.401
526,26.514
527,26.683
528,26.693
529,26.693
530,26.719
531,26.78
532,26.877
533,26.852
534,26.99
535,27.066
536,27.158
537,27.132
538,27.275
539,27.209
540,27.341
541,27.489
542,27.392
543,27.575
544,27.662
545,27.672
546,27.95
547,28.062
548,28.077
549,28.345
550,28.501
551,28.818
552,29.113
553,29.433
554,29.966
555,30.462
556,30.611
557,30.941
558,31.054
559,31.074
560,31.04
561,30.882
562,30.788
563,30.343
564,30.11
565,29.483
566,28.988
567,28.526
568,28.254
569,28.001
570,27.758
571,27.677
572,27.56
573,27.56
574,27.326
575,27.453
576,27.255
577,27.087
578,27.087
579,27.087
580,26.939
581,26.903
582,27.0
583,26.836
584,26.754
585,26.77
586,26.795
587,26.529
588,26.565
589,26.637
590,26.509
591,26.457
592,26.509
593,26.355
594,26.349
595,26.277
596,26.272
597,26.185
598,26.169
599,26.247
600,26.015
601,26.01
602,25.896
603,26.02
604,25.943
605,25.979
606,25.994
607,25.943
608,25.994
609,26.005
610,26.015
611,25.948
612,25.963
613,26.061
614,26.19
615,26.092
616,25.984
617,26.025
618,25.943
619,25.994
620,25.943
621,25.891
622,25.994
623,25.927
624,25.912
625,25.891
626,25.989
627,25.984
628,25.871
629,25.855
630,25.994
631,25.917
632,25.881
633,25.974
634,25.871
635,25.927
636,26.005
637,25.86
638,25.834
639,25.772
640,25.452
641,25.447
642,25.457
643,25.529
644,25.4
645,25.498
646,25.483
647,25.623
648,25.55
649,25.674
650,25.586
651,25.617
652,25.607
653,25.716
654,25.742
655,25.529
656,25.623
657,25.69
658,25.669
659,25.607
660,25.747
661,25.571
662,25.788
663,25.566
664,25.566
665,25.597
666,25.586
667,25.561
668,25.612
669,25.561
670,25.529
671,25.555
672,25.561
673,25.55
674,25.602
675,25.752
676,25.669
677,25.778
678,25.922
679,26.144
680,26.159
681,26.221
682,26.293
683,26.319
684,26.411
685,26.509
686,26.678
687,26.626
688,26.667
689,26.693
690,26.765
691,26.857
692,26.749
693,26.898
694,26.928
695,27.107
696,27.107
697,27.132
698,27.352
699,27.402
700,27.448
701,27.377
702,27.514
703,27.646
704,27.641
705,27.834
706,27.935
707,28.133
708,28.072
709,28.324
710,28.496
711,28.858
712,29.098
713,29.383
714,29.942
715,30.433
716,30.581
717,30.941
718,31.02
719,30.902
720,31.059
721,31.03
722,30.724
723,30.383
724,30.13
725,29.383
726,28.988
727,28.606
728,28.471
729,28.087
730,27.854
731,27.636
732,27.672
733,27.626
734,27.484
735,27.499
736,27.229
737,27.245
738,27.036
739,27.097
740,27.0
741,26.867
742,26.913
743,26.903
744,26.713
745,26.887
746,26.831
747,26.78
748,26.657
749,26.58
750,26.55
751,26.534
752,26.462
753,26.488
754,26.462
755,26.416
756,26.221
757,26.298
758,26.231
759,25.969
760,25.989
761,26.036
762,26.051
763,26.118
764,26.118
765,25.953
766,25.979
767,25.902
768,26.02
769,26.03
770,25.927
771,25.891
772,26.015
773,25.994
774,26.185
775,25.979
776,25.938
777,25.974
778,25.974
779,25.896
780,25.948
781,25.953
782,25.891
783,25.876
784,26.0
785,25.974
786,26.041
787,25.969
788,25.989
789,26.02
790,25.819
791,25.917
792,26.205
793,26.025
794,25.938
795,25.907
796,25.917
797,25.819
798,25.721
799,25.752
800,25.436
801,25.4
802,25.566
803,25.576
804,25.457
805,25.488
806,25.561
807,25.498
808,25.529
809,25.638
810,25.69
811,25.607
812,25.664
813,25.617
814,25.633
815,25.716
816,25.633
817,25.716
818,25.7
819,25.716
820,25.747
821,25.705
822,25.767
823,25.576
824,25.659
825,25.623
826,25.617
827,25.607
828,25.581
829,25.561
830,25.607
831,25.592
832,25.648
833,25.659
834,25.809
835,25.783
836,25.772
837,25.953
838,26.103
839,26.221
840,26.262
841,26.293
842,26.421
843,26.334
844,26.457
845,26.647
846,26.693
847,26.703
848,26.683
849,26.657
850,26.739
851,26.816
852,26.964
853,27.041
854,27.061
855,27.097
856,27.071
857,27.265
858,27.402
859,27.372
860,27.463
861,27.555
862,27.474
863,27.687
864,27.788
865,27.799
866,27.935
867,28.122
868,28.117
869,28.435
870,28.637
871,28.923
872,29.183
873,29.463
874,30.071
875,30.433
876,30.665
877,31.059
878,30.985
879,30.985
880,30.971
881,30.887
882,30.704
883,30.398
884,29.986
885,29.314
886,28.948
887,28.707
888,28.279
889,28.087
890,27.915
891,27.824
892,27.656
893,27.606
894,27.474
895,27.509
896,27.377
897,27.234
898,27.066
899,27.127
900,26.979
901,27.056
902,26.969
903,27.005
904,26.713
905,26.79
906,26.847
907,26.708
908,26.724
909,26.652
910,26.55
911,26.493
912,26.555
913,26.519
914,26.39
915,26.324
916,26.205
917,26.159
918,26.221
919,26.01
920,25.953
921,26.041
922,25.907
923,26.02
924,25.994
925,26.051
926,25.969
927,25.963
928,25.886
929,25.855
930,25.938
931,26.108
932,26.0
933,25.958
934,25.881
935,25.922
936,25.907
937,25.896
938,25.974
939,25.927
940,25.974
941,25.912
942,25.963
943,25.948
944,25.969
945,26.066
946,25.871
947,25.943
948,25.969
949,25.881
950,25.948
951,25.84
952,25.798
953,25.788
954,25.865
955,25.803
956,25.829
957,25.778
958,25.788
959,25.757
960,25.426
961,25.41
962,25.457
963,25.576
964,25.478
965,25.457
966,25.545
967,25.607
968,25.638
969,25.566
970,25.643
971,25.602
972,25.824
973,25.829
974,25.721
975,25.581
976,25.69
977,25.731
978,25.7
979,25.519
980,25.762
981,25.654
982,25.767
983,25.659
984,25.752
985,25.638
986,25.633
987,25.617
988,25.669
989,25.654
990,25.731
991,25.695
992,25.783
993,25.772
994,25.927
995,25.767
996,25.938
997,25.994
998,26.092
999,26.236
1000,26.262
1001,26.447
1002,26.447
1003,26.58
1004,26.509
1005,26.58
1006,26.795
1007,26.867
1008,26.908
1009,26.826
1010,26.816
1011,27.01
1012,27.097
1013,26.974
1014,27.117
1015,27.092
1016,27.296
1017,27.301
1018,27.413
1019,27.443
1020,27.397
1021,27.636
1022,27.728
1023,27.748
1024,27.783
1025,28.001
1026,28.067
1027,28.138
1028,28.324
1029,28.45
1030,28.682
1031,28.918
1032,29.393
1033,29.753
1034,30.081
1035,30.531
1036,30.596
1037,30.941
1038,30.946
1039,30.946
1040,30.892
1041,30.931
1042,30.749
1043,30.368
1044,30.001
1045,29.378
1046,28.918
1047,28.692
1048,28.471
1049,28.092
1050,28.016
1051,27.758
1052,27.748
1053,27.636
1054,27.524
1055,27.514
1056,27.387
1057,27.336
1058,27.168
1059,27.199
1060,27.173
1061,27.03
1062,27.148
1063,27.107
1064,26.882
1065,26.811
1066,26.749
1067,26.703
1068,26.688
1069,26.729
1070,26.575
1071,26.611
1072,26.478
1073,26.529
1074,26.529
1075,26.385
1076,26.349
1077,26.128
1078,26.211
1079,26.0
1080,25.979
1081,25.902
1082,25.891
1083,25.958
1084,25.994
1085,25.958
1086,25.881
1087,26.0
1088,25.943
1089,25.984
1090,26.097
1091,26.005
1092,26.005
1093,25.969
1094,25.989
1095,25.938
1096,25.989
1097,26.03
1098,25.958
1099,25.855
1100,26.159
1101,26.01
1102,25.86
1103,25.927
1104,26.0
1105,26.02
1106,25.932
1107,25.762
1108,26.036
1109,25.917
1110,25.896
1111,25.896
1112,25.855
1113,26.005
1114,25.881
1115,25.855
1116,25.855
1117,25.84
1118,25.742
1119,25.778
1120,25.462
1121,25.473
1122,25.54
1123,25.566
1124,25.566
1125,25.623
1126,25.54
1127,25.592
1128,25.612
1129,25.545
1130,25.7
1131,25.654
1132,25.69
1133,25.695
1134,25.685
1135,25.731
1136,25.648
1137,25.597
1138,25.767
1139,25.731
1140,25.7
1141,25.648
1142,25.721
1143,25.742
1144,25.648
1145,25.648
1146,25.793
1147,25.736
1148,25.778
1149,25.742
1150,25.772
1151,25.876
1152,25.938
1153,25.809
1154,25.871
1155,25.958
1156,26.046
1157,26.0
1158,26.216
1159,26.293
1160,26.288
1161,26.375
1162,26.503
1163,26.539
1164,26.719
1165,26.58
1166,26.775
1167,26.79
1168,26.77
1169,26.826
1170,26.984
1171,26.954
1172,27.041
1173,26.928
1174,27.178
1175,27.194
1176,27.352
1177,27.469
1178,27.428
1179,27.54
1180,27.57
1181,27.682
1182,27.641
1183,27.819
1184,27.656
1185,28.052
1186,28.173
1187,28.223
1188,28.339
1189,28.541
1190,28.632
1191,28.923
1192,29.398
1193,29.603
1194,30.195
1195,30.502
1196,30.601
1197,30.921
1198,31.084
1199,30.946
1200,30.902
1201,30.916
1202,30.709
1203,30.363
1204,29.991
1205,29.289
1206,29.013
1207,28.632
1208,28.46
1209,28.223
1210,28.057
1211,27.971
1212,27.799
1213,27.692
1214,27.651
1215,27.504
1216,27.387
1217,27.27
1218,27.189
1219,27.122
1220,27.056
1221,27.071
1222,27.071
1223,27.076
1224,26.933
1225,26.795
1226,26.76
1227,26.77
1228,26.673
1229,26.652
1230,26.632
1231,26.693
1232,26.524
1233,26.534
1234,26.432
1235,26.288
1236,26.257
1237,26.272
1238,26.241
1239,26.041
1240,26.051
1241,25.824
1242,25.989
1243,25.798
1244,25.932
1245,25.876
1246,25.938
1247,25.989
1248,25.886
1249,26.061
1250,25.896
1251,26.0
1252,25.989
1253,25.979
1254,26.066
1255,25.948
1256,25.917
1257,25.984
1258,26.02
1259,25.778
1260,25.948
1261,25.85
1262,25.881
1263,25.938
1264,25.963
1265,26.046
1266,25.994
1267,25.922
1268,25.969
1269,25.902
1270,25.814
1271,25.865
1272,25.803
1273,25.994
1274,25.86
1275,25.85
1276,25.896
1277,25.71
1278,25.778
1279,25.932
1280,25.524
1281,25.545
1282,25.519
1283,25.664
1284,25.457
1285,25.659
1286,25.597
1287,25.659
1288,25.602
1289,25.659
1290,25.721
1291,25.705
1292,25.731
1293,25.638
1294,25.726
1295,25.664
1296,25.633
1297,25.736
1298,25.664
1299,25.617
1300,25.721
1301,25.829
1302,25.654
1303,25.726
1304,25.726
1305,25.664
1306,25.757
1307,25.705
1308,25.757
1309,25.772
1310,25.896
1311,25.902
1312,25.938
1313,25.938
1314,25.994
1315,25.979
1316,26.128
1317,26.185
1318,26.416
1319,26.426
1320,26.406
1321,26.555
1322,26.708
1323,26.632
1324,26.8
1325,26.795
1326,26.887
1327,26.898
1328,26.939
1329,26.99
1330,26.877
1331,27.148
1332,27.117
1333,27.138
1334,27.229
1335,27.413
1336,27.397
1337,27.423
1338,27.56
1339,27.55
1340,27.687
1341,27.839
1342,27.839
1343,27.88
1344,27.89
1345,28.254
1346,28.213
1347,28.319
1348,28.496
1349,28.601
1350,28.903
1351,29.028
1352,29.299
1353,29.698
1354,30.195
1355,30.531
1356,30.714
1357,31.015
1358,30.921
1359,30.872
1360,30.902
1361,30.803
1362,30.699
1363,30.324
1364,29.862
1365,29.284
1366,29.013
1367,28.652
1368,28.501
1369,28.244
1370,28.092
1371,28.067
1372,28.011
1373,27.763
1374,27.672
1375,27.585
1376,27.504
1377,27.341
1378,27.382
1379,27.25
1380,27.346
1381,27.158
1382,27.056
1383,27.102
1384,27.046
1385,26.969
1386,26.887
1387,26.744
1388,26.795
1389,26.795
1390,26.632
1391,26.575
1392,26.683
1393,26.488
1394,26.452
1395,26.416
1396,26.39
1397,26.411
1398,26.277
1399,26.005
1400,26.03
1401,25.963
1402,25.886
1403,25.927
1404,25.943
1405,25.963
1406,25.943
1407,26.051
1408,25.917
1409,26.036
1410,25.876
1411,26.041
1412,25.896
1413,26.01
1414,25.979
1415,26.005
1416,25.963
1417,25.927
1418,25.958
1419,25.932
1420,25.938
1421,25.994
1422,25.938
1423,25.953
1424,25.979
1425,26.0
1426,25.891
1427,25.886
1428,25.886
1429,25.979
1430,25.871
1431,26.02
1432,25.974
1433,25.974
1434,25.902
1435,25.824
1436,25.876
1437,25.803
1438,25.762
1439,25.772
1440,25.426
1441,25.509
1442,25.509
1443,25.498
1444,25.509
1445,25.55
1446,25.669
1447,25.566
1448,25.555
1449,25.586
1450,25.721
1451,25.654
1452,25.669
1453,25.617
1454,25.654
1455,25.669
1456,25.679
1457,25.736
1458,25.767
1459,25.705
1460,25.736
1461,25.819
1462,25.772
1463,25.762
1464,25.716
1465,25.819
1466,25.695
1467,25.85
1468,25.907
1469,25.871
1470,26.175
1471,25.865
1472,26.061
1473,26.005
1474,25.984
1475,26.02
1476,26.03
1477,26.308
1478,26.411
1479,26.406
1480,26.488
1481,26.683
1482,26.719
1483,26.76
1484,26.708
1485,26.826
1486,26.898
1487,26.979
1488,26.995
1489,26.979
1490,27.03
1491,27.02
1492,27.127
1493,27.214
1494,27.189
1495,27.316
1496,27.453
1497,27.423
1498,27.646
1499,27.626
1500,27.895
1501,27.692
1502,27.869
1503,27.996
1504,28.067
1505,28.148
1506,28.289
1507,28.46
1508,28.546
1509,28.637
1510,28.787
1511,29.098
1512,29.314
1513,29.593
1514,30.175
1515,30.497
1516,30.719
1517,30.793
1518,30.793
1519,30.798
1520,30.778
1521,30.729
1522,30.611
1523,30.413
1524,29.872
1525,29.314
1526,28.943
1527,28.828
1528,28.606
1529,28.476
1530,28.178
1531,28.047
1532,27.996
1533,27.677
1534,27.712
1535,27.57
1536,27.438
1537,27.372
1538,27.214
1539,27.194
1540,27.173
1541,27.178
1542,27.041
1543,27.189
1544,27.076
1545,26.887
1546,26.857
1547,26.949
1548,26.78
1549,26.806
1550,26.79
1551,26.58
1552,26.637
1553,26.611
1554,26.432
1555,26.514
1556,26.467
1557,26.257
1558,26.267
1559,26.283
1560,26.046
1561,26.02
1562,25.922
1563,26.036
1564,25.989
1565,25.979
1566,26.041
1567,26.175
1568,25.989
1569,26.061
1570,26.056
1571,26.092
1572,26.036
1573,25.953
1574,26.015
1575,26.056
1576,26.005
1577,25.963
1578,25.984
1579,26.0
1580,25.943
1581,25.814
1582,26.0
1583,25.891
1584,25.886
1585,26.0
1586,25.834
1587,26.01
1588,25.86
1589,25.958
1590,25.927
1591,25.948
1592,25.845
1593,25.824
1594,25.85
1595,25.809
1596,25.85
1597,25.845
1598,25.762
1599,25.803
1600,25.488
1601,25.504
1602,25.54
1603,25.462
1604,25.571
1605,25.597
1606,25.597
1607,25.638
1608,25.607
1609,25.7
1610,25.669
1611,25.628
1612,25.747
1613,25.628
1614,25.752
1615,25.674
1616,25.705
1617,25.752
1618,25.778
1619,25.793
1620,25.783
1621,25.783
1622,25.788
1623,25.84
1624,25.679
1625,25.902
1626,25.958
1627,25.912
1628,26.082
1629,26.015
1630,26.087
1631,26.097
1632,26.051
1633,26.185
1634,26.113
1635,26.221
1636,26.149
1637,26.457
1638,26.57
1639,26.596
1640,26.652
1641,26.678
1642,26.688
1643,26.898
1644,26.974
1645,26.933
1646,26.933
1647,26.954
1648,26.99
1649,27.127
1650,27.102
1651,27.178
1652,27.178
1653,27.336
1654,27.423
1655,27.402
1656,27.504
1657,27.656
1658,27.748
1659,27.799
1660,27.854
1661,27.92
1662,27.935
1663,28.087
1664,28.153
1665,28.234
1666,28.289
1667,28.516
1668,28.702
1669,28.737
1670,29.123
1671,29.058
1672,29.354
1673,29.628
1674,30.101
1675,30.433
1676,30.561
1677,30.714
1678,30.739
1679,30.744
1680,30.665
1681,30.67
1682,30.591
1683,30.309
1684,29.728
1685,29.354
1686,29.138
1687,28.792
1688,28.611
1689,28.35
1690,28.254
1691,28.244
1692,27.991
1693,27.864
1694,27.834
1695,27.717
1696,27.601
1697,27.53
1698,27.413
1699,27.331
1700,27.28
1701,27.148
1702,27.158
1703,27.209
1704,27.03
1705,27.056
1706,26.836
1707,26.923
1708,26.908
1709,26.872
1710,26.729
1711,26.729
1712,26.673
1713,26.632
1714,26.462
1715,26.457
1716,26.467
1717,26.385
1718,26.257
1719,26.118
1720,26.128
1721,26.139
1722,26.02
1723,25.984
1724,25.865
1725,26.154
1726,25.948
1727,25.969
1728,26.149
1729,25.979
1730,26.046
1731,26.005
1732,25.917
1733,25.891
1734,26.025
1735,25.994
1736,25.969
1737,26.0
1738,25.824
1739,25.871
1740,25.891
1741,25.963
1742,25.876
1743,25.891
1744,25.891
1745,26.03
1746,25.953
1747,25.886
1748,25.85
1749,25.845
1750,25.932
1751,25.907
1752,25.731
1753,25.902
1754,25.778
1755,25.767
1756,25.726
1757,25.788
1758,25.855
1759,25.902
1760,25.566
1761,25.524
1762,25.535
1763,25.623
1764,25.566
1765,25.576
1766,25.617
1767,25.623
1768,25.705
1769,25.736
1770,25.695
1771,25.742
1772,25.772
1773,25.824
1774,25.716
1775,25.592
1776,25.767
1777,25.685
1778,25.86
1779,25.865
1780,25.809
1781,25.855
1782,25.886
1783,25.855
1784,25.809
1785,25.824
1786,25.845
1787,25.969
1788,26.056
1789,26.082
1790,26.077
1791,26.267
1792,26.087
1793,26.18
1794,26.365
1795,26.447
1796,26.432
1797,26.39
1798,26.519
1799,26.611
1800,26.708
1801,26.816
1802,27.015
1803,26.903
1804,26.969
1805,26.949
1806,27.051
1807,26.995
1808,27.158
1809,27.27
1810,27.372
1811,27.28
1812,27.367
1813,27.408
1814,27.56
1815,27.535
1816,27.56
1817,27.799
1818,27.738
1819,27.88
1820,27.915
1821,28.006
1822,28.087
1823,28.239
1824,28.228
1825,28.279
1826,28.345
1827,28.435
1828,28.702
1829,28.948
1830,28.973
1831,29.319
1832,29.453
1833,29.832
1834,30.21
1835,30.393
1836,30.457
1837,30.62
1838,30.596
1839,30.581
1840,30.541
1841,30.591
1842,30.383
1843,30.244
1844,29.708
1845,29.354
1846,29.078
1847,28.818
1848,28.642
1849,28.481
1850,28.41
1851,28.234
1852,28.279
1853,27.864
1854,27.809
1855,27.682
1856,27.687
1857,27.55
1858,27.504
1859,27.301
1860,27.336
1861,27.275
1862,27.229
1863,27.296
1864,27.143
1865,27.127
1866,27.036
1867,27.025
1868,26.984
1869,26.806
1870,26.8
1871,26.719
1872,26.693
1873,26.647
1874,26.652
1875,26.637
1876,26.473
1877,26.421
1878,26.396
1879,26.313
1880,26.231
1881,26.087
1882,26.236
1883,26.133
1884,26.046
1885,26.061
1886,26.118
1887,26.041
1888,26.072
1889,26.113
1890,26.061
1891,26.072
1892,25.948
1893,26.056
1894,26.025
1895,26.025
1896,25.989
1897,25.958
1898,25.989
1899,25.948
1900,25.876
1901,25.989
1902,25.979
1903,26.02
1904,25.969
1905,25.974
1906,25.984
1907,25.953
1908,25.969
1909,25.902
1910,25.798
1911,25.881
1912,25.881
1913,25.752
1914,25.783
1915,25.747
1916,25.922
1917,25.731
1918,25.84
1919,25.721
1920,25.498
1921,25.524
1922,25.561
1923,25.545
1924,25.519
1925,25.576
1926,25.628
1927,25.772
1928,25.612
1929,25.654
1930,25.731
1931,25.731
1932,25.814
1933,25.685
1934,25.747
1935,25.69
1936,25.829
1937,25.922
1938,25.803
1939,25.814
1940,25.829
1941,25.886
1942,25.886
1943,25.917
1944,25.984
1945,25.953
1946,25.922
1947,26.108
1948,26.128
1949,26.128
1950,26.277
1951,26.262
1952,26.36
1953,26.339
1954,26.442
1955,26.462
1956,26.437
1957,26.601
1958,26.744
1959,26.8
1960,26.826
1961,26.913
1962,26.979
1963,26.99
1964,27.163
1965,27.087
1966,27.204
1967,27.245
1968,27.28
1969,27.341
1970,27.346
1971,27.341
1972,27.367
1973,27.372
1974,27.611
1975,27.626
1976,27.773
1977,27.773
1978,27.834
1979,28.072
1980,28.042
1981,28.077
1982,28.107
1983,28.284
1984,28.36
1985,28.45
1986,28.566
1987,28.687
1988,28.737
1989,29.028
1990,29.153
1991,29.329
1992,29.503
1993,29.787
1994,30.185
1995,30.393
1996,30.324
1997,30.447
1998,30.571
1999,30.329
2000,30.269
2001,30.358
2002,30.269
2003,29.947
2004,29.758
2005,29.364
2006,29.204
2007,28.958
2008,28.637
2009,28.687
2010,28.41
2011,28.385
2012,28.244
2013,28.112
2014,27.94
2015,27.864
2016,27.646
2017,27.651
2018,27.57
2019,27.57
2020,27.306
2021,27.474
2022,27.448
2023,27.296
2024,27.148
2025,27.163
2026,26.995
2027,27.01
2028,26.979
2029,26.908
2030,26.995
2031,26.657
2032,26.8
2033,26.713
2034,26.678
2035,26.596
2036,26.488
2037,26.313
2038,26.396
2039,26.375
2040,26.252
2041,26.283
2042,26.231
2043,26.185
2044,26.144
2045,26.211
2046,26.164
2047,26.175
2048,26.087
2049,26.139
2050,26.03
2051,26.144
2052,26.066
2053,26.066
2054,26.051
2055,26.056
2056,26.03
2057,25.953
2058,25.989
2059,25.943
2060,25.943
2061,25.932
2062,25.886
2063,25.902
2064,25.974
2065,25.927
2066,25.969
2067,25.943
2068,25.958
2069,25.953
2070,25.834
2071,26.0
2072,25.958
2073,25.736
2074,25.757
2075,25.829
2076,25.803
2077,25.803
2078,25.814
2079,25.793
2080,25.488
2081,25.478
2082,25.633
2083,25.592
2084,25.654
2085,25.617
2086,25.716
2087,25.762
2088,25.638
2089,25.762
2090,25.695
2091,25.695
2092,25.943
2093,25.71
2094,25.824
2095,25.778
2096,25.788
2097,25.881
2098,25.876
2099,25.871
2100,25.86
2101,25.927
2102,25.943
2103,25.876
2104,26.061
2105,25.953
2106,26.154
2107,26.236
2108,26.175
2109,26.236
2110,26.324
2111,26.498
2112,26.437
2113,26.555
2114,26.57
2115,26.642
2116,26.744
2117,26.703
2118,26.816
2119,26.979
2120,27.0
2121,27.076
2122,27.204
2123,27.173
2124,27.229
2125,27.285
2126,27.331
2127,27.301
2128,27.402
2129,27.504
2130,27.428
2131,27.555
2132,27.646
2133,27.687
2134,27.626
2135,27.748
2136,27.834
2137,27.935
2138,28.042
2139,28.122
2140,28.102
2141,28.228
2142,28.213
2143,28.501
2144,28.465
2145,28.501
2146,28.687
2147,28.652
2148,28.953
2149,29.048
2150,29.294
2151,29.378
2152,29.772
2153,30.056
2154,30.17
2155,30.205
2156,30.343
2157,30.289
2158,30.353
2159,30.334
2160,30.309
2161,30.274
2162,30.185
2163,30.229
2164,29.877
2165,29.703
2166,29.339
2167,29.103
2168,29.003
2169,28.833
2170,28.657
2171,28.415
2172,28.496
2173,28.143
2174,28.148
2175,27.9
2176,27.9
2177,27.707
2178,27.55
2179,27.514
2180,27.57
2181,27.621
2182,27.357
2183,27.346
2184,27.29
2185,27.209
2186,27.158
2187,27.183
2188,27.102
2189,27.02
2190,26.908
2191,26.964
2192,26.775
2193,26.903
2194,26.77
2195,26.667
2196,26.55
2197,26.585
2198,26.344
2199,26.236
2200,26.324
2201,26.39
2202,26.252
2203,26.334
2204,26.262
2205,26.154
2206,26.113
2207,26.2
2208,26.236
2209,26.185
2210,26.139
2211,26.082
2212,26.118
2213,26.015
2214,26.097
2215,26.03
2216,26.092
2217,26.077
2218,25.948
2219,25.953
2220,25.943
2221,26.0
2222,25.943
2223,25.902
2224,26.01
2225,25.922
2226,25.974
2227,26.087
2228,25.938
2229,25.917
2230,25.865
2231,25.834
2232,25.927
2233,25.902
2234,25.757
2235,25.798
2236,25.958
2237,25.757
2238,25.845
2239,25.855
2240,25.498
2241,25.586
2242,25.488
2243,25.535
2244,25.643
2245,25.685
2246,25.685
2247,25.736
2248,25.705
2249,25.752
2250,25.948
2251,25.865
2252,25.84
2253,25.85
2254,25.834
2255,25.912
2256,25.938
2257,25.912
2258,25.886
2259,25.912
2260,25.896
2261,26.087
2262,26.036
2263,25.891
2264,26.03
2265,26.169
2266,26.108
2267,26.226
2268,26.267
2269,26.55
2270,26.385
2271,26.534
2272,26.467
2273,26.642
2274,26.806
2275,26.877
2276,26.847
2277,26.979
2278,26.974
2279,27.158
2280,27.097
2281,27.255
2282,27.245
2283,27.265
2284,27.408
2285,27.26
2286,27.392
2287,27.438
2288,27.575
2289,27.545
2290,27.524
2291,27.677
2292,27.743
2293,27.672
2294,27.885
2295,27.824
2296,27.915
2297,28.092
2298,28.148
2299,28.173
2300,28.239
2301,28.395
2302,28.405
2303,28.566
2304,28.536
2305,28.637
2306,28.797
2307,28.948
2308,28.983
2309,29.334
2310,29.443
2311,29.623
2312,29.882
2313,30.071
2314,30.383
2315,30.363
2316,30.294
2317,30.269
2318,30.264
2319,30.264
2320,30.274
2321,30.105
2322,30.185
2323,30.155
2324,29.966
2325,29.937
2326,29.463
2327,29.249
2328,29.244
2329,28.983
2330,28.848
2331,28.667
2332,28.41
2333,28.365
2334,28.148
2335,28.107
2336,27.895
2337,27.656
2338,27.646
2339,27.611
2340,27.631
2341,27.474
2342,27.585
2343,27.463
2344,27.402
2345,27.178
2346,27.173
2347,27.178
2348,27.189
2349,27.132
2350,27.127
2351,27.097
2352,27.005
2353,27.0
2354,26.744
2355,26.836
2356,26.703
2357,26.621
2358,26.565
2359,26.591
2360,26.478
2361,26.467
2362,26.442
2363,26.349
2364,26.39
2365,26.257
2366,26.221
2367,26.195
2368,26.247
2369,26.185
2370,26.169
2371,26.113
2372,26.164
2373,26.041
2374,26.066
2375,26.072
2376,26.072
2377,26.072
2378,26.0
2379,26.056
2380,25.974
2381,25.953
2382,25.917
2383,25.994
2384,25.969
2385,25.969
2386,25.989
2387,25.891
2388,25.938
2389,25.922
2390,25.948
2391,25.932
2392,25.902
2393,25.772
2394,25.793
2395,25.876
2396,25.876
2397,25.922
2398,25.834
2399,25.819
2400,25.514
2401,25.54
2402,25.493
2403,25.669
2404,25.607
2405,25.633
2406,25.736
2407,25.669
2408,25.731
2409,25.757
2410,25.788
2411,25.907
2412,25.927
2413,25.793
2414,25.798
2415,25.886
2416,25.788
2417,25.917
2418,25.876
2419,26.005
2420,26.082
2421,26.0
2422,26.103
2423,26.01
2424,26.169
2425,26.169
2426,26.195
2427,26.308
2428,26.226
2429,26.38
2430,26.524
2431,26.478
2432,26.708
2433,26.775
2434,26.857
2435,26.923
2436,27.0
2437,27.081
2438,27.321
2439,27.311
2440,27.265
2441,27.397
2442,27.484
2443,27.616
2444,27.494
2445,27.535
2446,27.555
2447,27.616
2448,27.783
2449,27.596
2450,27.753
2451,27.697
2452,27.859
2453,27.783
2454,27.875
2455,28.016
2456,27.971
2457,28.153
2458,28.329
2459,28.274
2460,28.41
2461,28.415
2462,28.395
2463,28.586
2464,28.632
2465,28.848
2466,28.948
2467,29.133
2468,29.219
2469,29.473
2470,29.523
2471,29.787
2472,29.892
2473,30.101
2474,30.215
2475,30.264
2476,30.244
2477,30.274
2478,30.334
2479,30.18
2480,30.274
2481,30.185
2482,30.105
2483,30.18
2484,30.18
2485,29.927
2486,29.668
2487,29.408
2488,29.264
2489,29.078
2490,28.797
2491,28.782
2492,28.647
2493,28.445
2494,28.249
2495,28.163
2496,27.9
2497,27.885
2498,27.854
2499,27.717
2500,27.626
2501,27.509
2502,27.575
2503,27.545
2504,27.463
2505,27.326
2506,27.219
2507,27.296
2508,27.275
2509,27.168
2510,27.27
2511,27.01
2512,26.954
2513,27.061
2514,26.969
2515,26.831
2516,26.852
2517,26.657
2518,26.585
2519,26.58
2520,26.591
2521,26.657
2522,26.457
2523,26.483
2524,26.411
2525,26.385
2526,26.37
2527,26.221
2528,26.236
2529,26.221
2530,26.128
2531,26.154
2532,26.128
2533,26.154
2534,26.149
2535,26.01
2536,26.056
2537,25.984
2538,26.097
2539,25.948
2540,26.077
2541,25.969
2542,26.051
2543,25.917
2544,25.958
2545,25.953
2546,25.896
2547,25.896
2548,25.896
2549,25.85
2550,25.84
2551,25.876
2552,25.793
2553,25.948
2554,25.876
2555,25.891
2556,25.896
2557,25.752
2558,25.814
2559,25.716
2560,25.592
2561,25.674
2562,25.561
2563,25.571
2564,25.679
2565,25.762
2566,25.721
2567,25.803
2568,25.752
2569,25.726
2570,25.809
2571,25.85
2572,25.912
2573,25.731
2574,25.855
2575,25.814
2576,25.927
2577,25.963
2578,25.917
2579,25.958
2580,26.025
2581,26.097
2582,26.056
2583,26.205
2584,26.205
2585,26.221
2586,26.195
2587,26.365
2588,26.267
2589,26.462
2590,26.442
2591,26.698
2592,26.729
2593,26.785
2594,26.974
2595,26.969
2596,27.092
2597,27.362
2598,27.321
2599,27.509
2600,27.596
2601,27.55
2602,27.677
2603,27.743
2604,27.677
2605,27.733
2606,27.829
2607,27.829
2608,27.738
2609,27.869
2610,27.793
2611,27.966
2612,27.895
2613,27.869
2614,27.971
2615,28.112
2616,28.082
2617,28.294
2618,28.284
2619,28.385
2620,28.611
2621,28.581
2622,28.576
2623,28.727
2624,28.823
2625,29.073
2626,29.188
2627,29.324
2628,29.309
2629,29.483
2630,29.718
2631,29.862
2632,30.12
2633,30.21
2634,30.21
2635,30.393
2636,30.175
2637,30.2
2638,30.299
2639,30.195
2640,30.13
2641,30.081
2642,30.259
2643,30.244
2644,30.239
2645,30.115
2646,29.807
2647,29.723
2648,29.413
2649,29.284
2650,29.033
2651,28.883
2652,28.627
2653,28.36
2654,28.435
2655,28.168
2656,28.077
2657,28.097
2658,27.91
2659,27.702
2660,27.758
2661,27.728
2662,27.651
2663,27.616
2664,27.514
2665,27.585
2666,27.301
2667,27.514
2668,27.397
2669,27.316
2670,27.138
2671,27.183
2672,27.107
2673,27.117
2674,26.831
2675,26.954
2676,26.979
2677,26.749
2678,26.923
2679,26.734
2680,26.585
2681,26.632
2682,26.652
2683,26.416
2684,26.421
2685,26.324
2686,26.262
2687,26.319
2688,26.241
2689,26.262
2690,26.2
2691,26.36
2692,26.113
2693,26.103
2694,26.231
2695,26.072
2696,26.03
2697,26.118
2698,25.958
2699,26.205
2700,26.0
2701,25.938
2702,25.974
2703,25.948
2704,25.963
2705,25.876
2706,25.958
2707,25.922
2708,25.855
2709,25.948
2710,25.907
2711,25.85
2712,25.845
2713,25.845
2714,25.783
2715,25.778
2716,25.783
2717,25.886
2718,25.736
2719,25.762
2720,25.493
2721,25.576
2722,25.586
2723,25.721
2724,25.742
2725,25.612
2726,25.685
2727,25.721
2728,25.932
2729,25.829
2730,25.809
2731,25.829
2732,25.829
2733,25.876
2734,25.86
2735,26.082
2736,25.963
2737,26.066
2738,25.963
2739,26.082
2740,26.072
2741,26.051
2742,26.077
2743,26.118
2744,26.241
2745,26.19
2746,26.385
2747,26.416
2748,26.437
2749,26.467
2750,26.678
2751,26.754
2752,26.744
2753,26.826
2754,26.903
2755,27.102
2756,27.178
2757,27.336
2758,27.555
2759,27.59
2760,27.646
2761,27.717
2762,27.854
2763,27.895
2764,27.9
2765,27.875
2766,27.966
2767,28.011
2768,27.976
2769,27.971
2770,27.961
2771,28.001
2772,28.102
2773,28.031
2774,28.097
2775,28.178
2776,28.365
2777,28.314
2778,28.4
2779,28.551
2780,28.566
2781,28.742
2782,28.903
2783,28.983
2784,28.988
2785,28.958
2786,29.339
2787,29.413
2788,29.543
2789,29.643
2790,29.812
2791,29.907
2792,30.239
2793,30.21
2794,30.388
2795,30.299
2796,30.254
2797,30.368
2798,30.259
2799,30.229
2800,30.338
2801,30.284
2802,30.279
2803,30.274
2804,30.289
2805,29.956
2806,29.932
2807,29.777
2808,29.443
2809,29.314
2810,29.153
2811,28.958
2812,28.878
2813,28.561
2814,28.4
2815,28.38
2816,28.122
2817,28.026
2818,27.961
2819,27.961
2820,27.925
2821,27.768
2822,27.738
2823,27.646
2824,27.58
2825,27.702
2826,27.402
2827,27.575
2828,27.408
2829,27.438
2830,27.392
2831,27.234
2832,27.306
2833,27.265
2834,27.301
2835,27.03
2836,27.01
2837,26.933
2838,26.806
2839,26.713
2840,26.744
2841,26.719
2842,26.606
2843,26.493
2844,26.519
2845,26.334
2846,26.195
2847,26.355
2848,26.349
2849,26.241
2850,26.226
2851,26.241
2852,26.139
2853,26.077
2854,26.133
2855,26.144
2856,26.123
2857,25.902
2858,26.056
2859,25.979
2860,25.994
2861,25.912
2862,25.943
2863,25.865
2864,25.876
2865,25.963
2866,25.896
2867,25.891
2868,25.886
2869,25.824
2870,25.855
2871,25.803
2872,25.886
2873,25.788
2874,25.881
2875,25.721
2876,25.876
2877,25.747
2878,25.772
2879,25.902
2880,25.529
2881,25.623
2882,25.643
2883,25.742
2884,25.617
2885,25.648
2886,25.788
2887,25.721
2888,25.716
2889,25.742
2890,25.927
2891,25.798
2892,25.767
2893,25.855
2894,25.845
2895,25.979
2896,25.989
2897,25.979
2898,26.164
2899,26.2
2900,26.082
2901,26.149
2902,26.169
2903,26.339
2904,26.169
2905,26.355
2906,26.401
2907,26.534
2908,26.524
2909,26.524
2910,26.76
2911,26.626
2912,26.724
2913,26.918
2914,27.087
2915,27.138
2916,27.306
2917,27.469
2918,27.601
2919,27.662
2920,27.91
2921,27.915
2922,28.097
2923,28.148
2924,28.244
2925,28.067
2926,28.001
2927,28.092
2928,28.163
2929,28.092
2930,28.127
2931,27.976
2932,28.254
2933,28.239
2934,28.259
2935,28.284
2936,28.44
2937,28.44
2938,28.476
2939,28.682
2940,28.813
2941,28.928
2942,28.953
2943,29.073
2944,29.133
2945,29.173
2946,29.418
2947,29.538
2948,29.648
2949,29.777
2950,29.802
2951,29.961
2952,30.195
2953,30.363
2954,30.343
2955,30.334
2956,30.289
2957,30.408
2958,30.363
2959,30.314
2960,30.294
2961,30.259
2962,30.338
2963,30.299
2964,30.442
2965,30.046
2966,30.11
2967,29.942
2968,29.762
2969,29.433
2970,29.299
2971,29.128
2972,28.908
2973,28.722
2974,28.627
2975,28.481
2976,28.304
2977,28.294
2978,28.143
2979,28.047
2980,28.031
2981,27.89
2982,27.839
2983,27.717
2984,27.758
2985,27.702
2986,27.565
2987,27.621
2988,27.53
2989,27.555
2990,27.53
2991,27.357
2992,27.545
2993,27.463
2994,27.27
2995,27.265
2996,27.189
2997,27.03
2998,26.979
2999,26.713
3000,26.836
3001,26.734
3002,26.585
3003,26.626
3004,26.493
3005,26.293
3006,26.375
3007,26.36
3008,26.257
3009,26.231
3010,26.164
3011,26.267
3012,26.2
3013,26.185
3014,26.108
3015,26.066
3016,26.108
3017,26.025
3018,26.015
3019,26.072
3020,26.046
3021,26.015
3022,26.01
3023,25.984
3024,25.948
3025,26.01
3026,25.958
3027,25.943
3028,25.912
3029,25.958
3030,25.85
3031,25.871
3032,25.845
3033,25.834
3034,25.85
3035,25.731
3036,25.798
3037,25.793
3038,25.803
3039,25.855
3040,25.519
3041,25.555
3042,25.586
3043,25.705
3044,25.674
3045,25.7
3046,25.628
3047,25.772
3048,25.798
3049,25.788
3050,25.798
3051,25.86
3052,25.871
3053,25.948
3054,25.85
3055,25.855
3056,25.989
3057,26.046
3058,25.989
3059,25.989
3060,26.216
3061,26.133
3062,26.288
3063,26.18
3064,26.334
3065,26.519
3066,26.432
3067,26.616
3068,26.544
3069,26.673
3070,26.78
3071,26.719
3072,26.913
3073,27.056
3074,27.127
3075,27.245
3076,27.26
3077,27.418
3078,27.646
3079,27.819
3080,27.89
3081,27.935
3082,28.102
3083,28.309
3084,28.38
3085,28.375
3086,28.38
3087,28.294
3088,28.178
3089,28.168
3090,28.178
3091,28.294
3092,28.44
3093,28.188
3094,28.405
3095,28.491
3096,28.637
3097,28.586
3098,28.657
3099,28.908
3100,28.868
3101,29.023
3102,29.148
3103,29.183
3104,29.234
3105,29.374
3106,29.423
3107,29.673
3108,29.728
3109,29.827
3110,29.882
3111,29.922
3112,29.932
3113,30.229
3114,30.368
3115,30.413
3116,30.343
3117,30.329
3118,30.358
3119,30.215
3120,30.289
3121,30.338
3122,30.329
3123,30.294
3124,30.294
3125,30.294
3126,30.086
3127,30.12
3128,29.787
3129,29.578
3130,29.374
3131,29.178
3132,29.143
3133,28.938
3134,28.712
3135,28.627
3136,28.405
3137,28.244
3138,28.112
3139,28.092
3140,28.042
3141,27.976
3142,28.006
3143,27.89
3144,27.859
3145,27.92
3146,27.667
3147,27.667
3148,27.631
3149,27.707
3150,27.616
3151,27.545
3152,27.448
3153,27.601
3154,27.494
3155,27.458
3156,27.326
3157,27.138
3158,26.984
3159,26.908
3160,26.898
3161,26.683
3162,26.673
3163,26.683
3164,26.585
3165,26.416
3166,26.349
3167,26.426
3168,26.339
3169,26.211
3170,26.216
3171,26.303
3172,26.247
3173,26.139
3174,26.046
3175,26.097
3176,26.123
3177,26.005
3178,25.943
3179,25.994
3180,26.061
3181,25.902
3182,26.036
3183,25.907
3184,25.922
3185,25.891
3186,25.855
3187,25.84
3188,25.829
3189,25.927
3190,25.829
3191,25.922
3192,25.865
3193,25.809
3194,25.803
3195,25.876
3196,25.809
3197,25.674
3198,25.742
3199,25.7
3200,25.592
3201,25.659
3202,25.545
3203,25.628
3204,25.705
3205,25.71
3206,25.829
3207,25.845
3208,25.814
3209,25.871
3210,25.953
3211,25.907
3212,25.855
3213,25.989
3214,25.902
3215,25.907
3216,26.046
3217,26.0
3218,26.108
3219,26.211
3220,26.139
3221,26.36
3222,26.339
3223,26.38
3224,26.421
3225,26.38
3226,26.478
3227,26.678
3228,26.662
3229,26.698
3230,26.903
3231,26.974
3232,27.148
3233,27.046
3234,27.265
3235,27.219
3236,27.453
3237,27.636
3238,27.712
3239,27.895
3240,28.001
3241,28.158
3242,28.274
3243,28.43
3244,28.627
3245,28.722
3246,28.853
3247,28.536
3248,28.365
3249,28.435
3250,28.465
3251,28.35
3252,28.496
3253,28.44
3254,28.496
3255,28.46
3256,28.767
3257,28.802
3258,28.813
3259,28.958
3260,28.983
3261,29.108
3262,29.393
3263,29.418
3264,29.473
3265,29.568
3266,29.638
3267,29.822
3268,29.877
3269,29.832
3270,29.956
3271,29.942
3272,30.011
3273,30.185
3274,30.264
3275,30.408
3276,30.334
3277,30.447
3278,30.472
3279,30.324
3280,30.482
3281,30.492
3282,30.398
3283,30.457
3284,30.383
3285,30.343
3286,30.279
3287,30.006
3288,29.952
3289,29.847
3290,29.608
3291,29.339
3292,29.239
3293,29.138
3294,28.868
3295,28.657
3296,28.647
3297,28.591
3298,28.284
3299,28.279
3300,28.264
3301,28.208
3302,28.168
3303,28.102
3304,27.981
3305,27.95
3306,27.905
3307,27.849
3308,27.88
3309,27.905
3310,27.895
3311,27.799
3312,27.793
3313,27.864
3314,27.667
3315,27.413
3316,27.408
3317,27.148
3318,27.158
3319,27.036
3320,26.933
3321,26.877
3322,26.719
3323,26.626
3324,26.575
3325,26.519
3326,26.365
3327,26.498
3328,26.457
3329,26.37
3330,26.344
3331,26.257
3332,26.241
3333,26.128
3334,26.097
3335,26.2
3336,25.979
3337,26.056
3338,26.03
3339,26.02
3340,26.072
3341,26.061
3342,26.005
3343,25.886
3344,25.963
3345,25.896
3346,26.072
3347,25.974
3348,25.876
3349,25.803
3350,25.958
3351,25.881
3352,25.84
3353,25.814
3354,25.86
3355,25.845
3356,25.86
3357,25.7
3358,25.772
3359,25.685
3360,25.648
3361,25.674
3362,25.638
3363,25.757
3364,25.752
3365,25.767
3366,25.798
3367,25.638
3368,25.71
3369,25.891
3370,25.917
3371,25.932
3372,25.886
3373,25.932
3374,25.984
3375,25.902
3376,25.974
3377,26.077
3378,26.082
3379,26.2
3380,26.205
3381,26.267
3382,26.406
3383,26.416
3384,26.411
3385,26.396
3386,26.56
3387,26.657
3388,26.662
3389,26.78
3390,26.933
3391,26.939
3392,27.132
3393,27.199
3394,27.214
3395,27.301
3396,27.469
3397,27.535
3398,27.778
3399,28.001
3400,28.036
3401,28.228
3402,28.35
3403,28.496
3404,28.712
3405,28.868
3406,28.782
3407,28.818
3408,28.672
3409,28.556
3410,28.667
3411,28.511
3412,28.707
3413,28.682
3414,28.737
3415,28.632
3416,28.898
3417,28.953
3418,28.968
3419,29.168
3420,29.178
3421,29.374
3422,29.413
3423,29.558
3424,29.633
3425,29.653
3426,29.852
3427,29.932
3428,29.837
3429,29.922
3430,29.976
3431,29.952
3432,30.041
3433,30.155
3434,30.378
3435,30.413
3436,30.428
3437,30.457
3438,30.428
3439,30.482
3440,30.457
3441,30.497
3442,30.462
3443,30.408
3444,30.368
3445,30.388
3446,30.319
3447,30.135
3448,30.175
3449,30.031
3450,29.698
3451,29.603
3452,29.423
3453,29.093
3454,29.028
3455,28.787
3456,28.747
3457,28.767
3458,28.445
3459,28.491
3460,28.249
3461,28.178
3462,28.259
3463,28.178
3464,28.097
3465,28.138
3466,27.961
3467,28.102
3468,27.976
3469,28.153
3470,28.264
3471,28.011
3472,27.961
3473,28.011
3474,27.788
3475,27.494
3476,27.321
3477,27.209
3478,27.148
3479,27.143
3480,26.995
3481,26.984
3482,26.688
3483,26.683
3484,26.688
3485,26.488
3486,26.539
3487,26.432
3488,26.401
3489,26.462
3490,26.313
3491,26.411
3492,26.241
3493,26.205
3494,26.247
3495,26.046
3496,26.03
3497,26.066
3498,25.984
3499,26.036
3500,26.056
3501,25.932
3502,25.989
3503,26.02
3504,25.974
3505,25.948
3506,25.958
3507,25.896
3508,25.907
3509,25.927
3510,25.891
3511,25.876
3512,25.824
3513,25.994
3514,25.824
3515,25.896
3516,25.752
3517,25.85
3518,25.736
3519,25.71
3520,25.602
3521,25.628
3522,25.659
3523,25.638
3524,25.757
3525,25.69
3526,25.762
3527,25.778
3528,25.767
3529,25.891
3530,25.932
3531,25.979
3532,25.891
3533,25.994
3534,26.036
3535,26.005
3536,26.205
3537,26.123
3538,26.139
3539,26.123
3540,26.288
3541,26.344
3542,26.524
3543,26.529
3544,26.421
3545,26.519
3546,26.611
3547,26.713
3548,26.724
3549,26.908
3550,26.964
3551,27.163
3552,27.214
3553,27.173
3554,27.275
3555,27.458
3556,27.509
3557,27.677
3558,27.895
3559,27.961
3560,28.122
3561,28.385
3562,28.521
3563,28.682
3564,28.777
3565,28.813
3566,29.053
3567,28.888
3568,29.118
3569,28.943
3570,28.722
3571,28.808
3572,28.823
3573,28.993
3574,28.813
3575,28.983
3576,28.988
3577,29.163
3578,29.234
3579,29.234
3580,29.458
3581,29.558
3582,29.558
3583,29.777
3584,29.708
3585,29.758
3586,29.897
3587,29.857
3588,29.892
3589,29.862
3590,30.021
3591,30.016
3592,30.11
3593,30.229
3594,30.269
3595,30.358
3596,30.531
3597,30.472
3598,30.541
3599,30.571
3600,30.428
3601,30.68
3602,30.517
3603,30.566
3604,30.378
3605,30.358
3606,30.373
3607,30.284
3608,30.289
3609,30.036
3610,29.847
3611,29.708
3612,29.658
3613,29.259
3614,29.294
3615,28.993
3616,28.813
3617,28.712
3618,28.511
3619,28.501
3620,28.521
3621,28.576
3622,28.516
3623,28.168
3624,28.339
3625,28.42
3626,28.37
3627,28.299
3628,28.375
3629,28.37
3630,28.304
3631,28.339
3632,28.127
3633,27.971
3634,27.869
3635,27.667
3636,27.57
3637,27.367
3638,27.275
3639,27.122
3640,26.969
3641,26.872
3642,26.826
3643,26.744
3644,26.693
3645,26.555
3646,26.432
3647,26.524
3648,26.452
3649,26.396
3650,26.308
3651,26.385
3652,26.236
3653,26.319
3654,26.169
3655,26.277
3656,26.046
3657,26.051
3658,25.989
3659,26.02
3660,26.087
3661,25.974
3662,26.015
3663,26.005
3664,25.969
3665,25.974
3666,25.984
3667,25.871
3668,25.984
3669,25.994
3670,25.912
3671,25.829
3672,25.855
3673,25.86
3674,25.907
3675,25.86
3676,25.891
3677,25.788
3678,25.757
3679,25.788
3680,25.736
3681,25.7
3682,25.695
3683,25.705
3684,25.86
3685,25.778
3686,25.809
3687,25.871
3688,25.881
3689,25.907
3690,25.994
3691,25.922
3692,25.917
3693,25.958
3694,26.077
3695,26.108
3696,26.02
3697,26.159
3698,26.236
3699,26.324
3700,26.247
3701,26.483
3702,26.555
3703,26.483
3704,26.667
3705,26.667
3706,26.77
3707,26.8
3708,26.806
3709,26.913
3710,27.102
3711,27.199
3712,27.219
3713,27.458
3714,27.408
3715,27.458
3716,27.697
3717,27.839
3718,28.062
3719,28.087
3720,28.279
3721,28.37
3722,28.536
3723,28.868
3724,28.958
3725,29.048
3726,29.123
3727,29.088
3728,29.314
3729,29.153
3730,29.083
3731,29.033
3732,29.033
3733,29.008
3734,29.038
3735,29.123
3736,29.274
3737,29.359
3738,29.329
3739,29.513
3740,29.583
3741,29.767
3742,29.961
3743,29.976
3744,30.001
3745,30.061
3746,30.051
3747,30.056
3748,30.036
3749,29.956
3750,30.066
3751,30.026
3752,30.284
3753,30.2
3754,30.334
3755,30.497
3756,30.502
3757,30.512
3758,30.586
3759,30.571
3760,30.541
3761,30.497
3762,30.773
3763,30.467
3764,30.398
3765,30.482
3766,30.413
3767,30.329
3768,30.294
3769,30.145
3770,29.971
3771,29.947
3772,29.797
3773,29.623
3774,29.383
3775,29.018
3776,29.068
3777,28.973
3778,28.863
3779,28.757
3780,28.667
3781,28.617
3782,28.576
3783,28.596
3784,28.37
3785,28.642
3786,28.491
3787,28.762
3788,28.606
3789,28.702
3790,28.596
3791,28.35
3792,28.208
3793,28.143
3794,27.935
3795,27.631
3796,27.433
3797,27.311
3798,27.245
3799,27.081
3800,27.015
3801,26.918
3802,26.765
3803,26.698
3804,26.596
3805,26.657
3806,26.575
3807,26.534
3808,26.529
3809,26.426
3810,26.396
3811,26.509
3812,26.267
3813,26.308
3814,26.324
3815,26.195
3816,26.164
3817,26.154
3818,26.036
3819,26.015
3820,25.979
3821,26.051
3822,25.994
3823,26.066
3824,25.907
3825,25.938
3826,25.963
3827,26.01
3828,26.0
3829,25.891
3830,25.886
3831,25.865
3832,25.772
3833,25.819
3834,25.819
3835,25.84
3836,25.788
3837,25.85
3838,25.891
3839,25.767
3840,25.612
3841,25.705
3842,25.736
3843,25.747
3844,25.695
3845,25.757
3846,25.752
3847,25.974
3848,25.762
3849,25.907
3850,25.932
3851,26.041
3852,25.948
3853,26.01
3854,26.025
3855,25.994
3856,26.092
3857,26.211
3858,26.231
3859,26.221
3860,26.319
3861,26.498
3862,26.529
3863,26.596
3864,26.621
3865,26.739
3866,26.749
3867,26.964
3868,26.918
3869,27.092
3870,27.178
3871,27.357
3872,27.311
3873,27.509
3874,27.509
3875,27.58
3876,27.748
3877,27.92
3878,28.011
3879,28.097
3880,28.234
3881,28.324
3882,28.752
3883,28.662
3884,28.988
3885,29.083
3886,29.194
3887,29.279
3888,29.178
3889,29.229
3890,29.188
3891,29.183
3892,29.289
3893,29.068
3894,29.224
3895,29.138
3896,29.408
3897,29.483
3898,29.623
3899,29.668
3900,29.718
3901,29.877
3902,29.947
3903,29.991
3904,30.026
3905,30.016
3906,30.101
3907,30.036
3908,30.205
3909,30.036
3910,30.101
3911,30.096
3912,30.22
3913,30.2
3914,30.398
3915,30.452
3916,30.551
3917,30.625
3918,30.433
3919,30.576
3920,30.64
3921,30.62
3922,30.606
3923,30.502
3924,30.556
3925,30.497
3926,30.383
3927,30.472
3928,30.225
3929,30.205
3930,29.971
3931,30.091
3932,29.927
3933,29.658
3934,29.583
3935,29.329
3936,29.204
3937,28.998
3938,29.008
3939,28.958
3940,28.863
3941,28.828
3942,28.823
3943,28.873
3944,28.732
3945,28.677
3946,28.843
3947,28.873
3948,28.918
3949,28.692
3950,28.662
3951,28.506
3952,28.334
3953,28.047
3954,27.834
3955,27.545
3956,27.545
3957,27.346
3958,27.178
3959,27.153
3960,26.954
3961,26.887
3962,26.862
3963,26.713
3964,26.739
3965,26.657
3966,26.534
3967,26.498
3968,26.457
3969,26.442
3970,26.488
3971,26.462
3972,26.241
3973,26.288
3974,26.231
3975,26.159
3976,26.216
3977,26.19
3978,26.103
3979,25.994
3980,26.108
3981,25.963
3982,26.113
3983,26.03
3984,25.902
3985,25.922
3986,25.948
3987,25.927
3988,25.865
3989,25.922
3990,25.767
3991,25.881
3992,26.005
3993,25.948
3994,25.932
3995,25.85
3996,25.814
3997,25.757
3998,25.747
3999,25.731
4000,25.7
4001,25.736
4002,25.726
4003,25.69
4004,25.69
4005,25.855
4006,25.778
4007,25.793
4008,25.845
4009,25.896
4010,25.979
4011,25.969
4012,26.077
4013,26.0
4014,26.056
4015,26.139
4016,26.288
4017,26.288
4018,26.308
4019,26.334
4020,26.432
4021,26.432
4022,26.488
4023,26.678
4024,26.806
4025,26.744
4026,26.903
4027,26.974
4028,27.036
4029,27.081
4030,27.296
4031,27.29
4032,27.479
4033,27.596
4034,27.631
4035,27.869
4036,28.016
4037,28.087
4038,28.087
4039,28.223
4040,28.445
4041,28.541
4042,28.747
4043,28.973
4044,29.008
4045,29.153
4046,29.199
4047,29.244
4048,29.398
4049,29.289
4050,29.533
4051,29.438
4052,29.418
4053,29.304
4054,29.388
4055,29.448
4056,29.493
4057,29.628
4058,29.777
4059,29.942
4060,29.996
4061,30.13
4062,30.101
4063,30.254
4064,30.14
4065,30.14
4066,30.264
4067,30.17
4068,30.19
4069,30.135
4070,30.125
4071,30.16
4072,30.195
4073,30.329
4074,30.408
4075,30.606
4076,30.581
4077,30.635
4078,30.581
4079,30.566
4080,30.685
4081,30.611
4082,30.482
4083,30.694
4084,30.566
4085,30.576
4086,30.606
4087,30.531
4088,30.497
4089,30.264
4090,30.17
4091,30.12
4092,30.076
4093,29.897
4094,29.827
4095,29.558
4096,29.503
4097,29.329
4098,29.224
4099,29.043
4100,29.018
4101,28.943
4102,28.948
4103,28.863
4104,28.918
4105,28.998
4106,28.913
4107,29.003
4108,28.823
4109,28.843
4110,28.632
4111,28.501
4112,28.188
4113,28.082
4114,27.89
4115,27.763
4116,27.535
4117,27.321
4118,27.245
4119,27.107
4120,26.959
4121,26.847
4122,26.795
4123,26.806
4124,26.806
4125,26.683
4126,26.642
4127,26.55
4128,26.493
4129,26.385
4130,26.452
4131,26.355
4132,26.303
4133,26.288
4134,26.303
4135,26.283
4136,26.257
4137,26.133
4138,26.164
4139,26.077
4140,26.097
4141,25.953
4142,26.082
4143,25.994
4144,26.03
4145,25.974
4146,25.989
4147,25.891
4148,25.783
4149,25.974
4150,25.886
4151,25.871
4152,25.871
4153,25.876
4154,25.803
4155,25.809
4156,25.803
4157,25.716
4158,25.747
4159,25.742
4160,25.695
4161,25.742
4162,25.767
4163,25.772
4164,25.752
4165,25.829
4166,26.139
4167,25.86
4168,25.845
4169,26.01
4170,25.989
4171,25.943
4172,26.144
4173,26.118
4174,26.036
4175,26.298
4176,26.226
4177,26.36
4178,26.38
4179,26.406
4180,26.478
4181,26.596
4182,26.591
4183,26.765
4184,26.76
4185,26.77
4186,26.949
4187,27.071
4188,27.127
4189,27.316
4190,27.367
4191,27.494
4192,27.565
4193,27.677
4194,27.864
4195,28.001
4196,28.042
4197,28.163
4198,28.254
4199,28.365
4200,28.511
4201,28.516
4202,28.797
4203,28.993
4204,29.168
4205,29.339
4206,29.398
4207,29.508
4208,29.493
4209,29.593
4210,29.668
4211,29.543
4212,29.703
4213,29.633
4214,29.623
4215,29.658
4216,29.867
4217,29.827
4218,29.917
4219,30.096
4220,30.091
4221,30.12
4222,30.269
4223,30.334
4224,30.244
4225,30.294
4226,30.279
4227,30.2
4228,30.284
4229,30.279
4230,30.279
4231,30.155
4232,30.348
4233,30.452
4234,30.517
4235,30.423
4236,30.561
4237,30.62
4238,30.714
4239,30.813
4240,30.759
4241,30.685
4242,30.773
4243,30.749
4244,30.606
4245,30.714
4246,30.665
4247,30.606
4248,30.497
4249,30.413
4250,30.244
4251,30.229
4252,30.145
4253,30.041
4254,29.996
4255,29.772
4256,29.762
4257,29.548
4258,29.354
4259,29.168
4260,29.314
4261,29.068
4262,29.229
4263,29.204
4264,29.274
4265,29.359
4266,29.118
4267,29.279
4268,28.958
4269,28.903
4270,28.747
4271,28.476
4272,28.319
4273,28.102
4274,27.89
4275,27.672
4276,27.596
4277,27.316
4278,27.245
4279,27.117
4280,27.036
4281,26.908
4282,26.903
4283,26.77
4284,26.734
4285,26.821
4286,26.744
4287,26.524
4288,26.534
4289,26.447
4290,26.457
4291,26.385
4292,26.283
4293,26.241
4294,26.293
4295,26.267
4296,26.221
4297,26.133
4298,26.056
4299,26.097
4300,26.2
4301,26.133
4302,26.01
4303,25.989
4304,25.969
4305,25.917
4306,25.943
4307,25.963
4308,25.871
4309,25.927
4310,25.829
4311,25.912
4312,25.819
4313,25.912
4314,25.85
4315,25.886
4316,25.757
4317,25.798
4318,25.762
4319,25.767
4320,25.7
4321,25.7
4322,25.747
4323,25.778
4324,25.69
4325,25.824
4326,25.891
4327,25.932
4328,25.953
4329,26.025
4330,26.066
4331,26.061
4332,26.108
4333,26.139
4334,26.061
4335,26.159
4336,26.164
4337,26.339
4338,26.272
4339,26.38
4340,26.498
4341,26.616
4342,26.596
4343,26.754
4344,26.923
4345,26.933
4346,27.015
4347,27.127
4348,27.204
4349,27.377
4350,27.56
4351,27.54
4352,27.697
4353,27.646
4354,27.95
4355,28.112
4356,28.193
4357,28.395
4358,28.213
4359,28.526
4360,28.506
4361,28.727
4362,28.873
4363,29.023
4364,29.274
4365,29.418
4366,29.418
4367,29.553
4368,29.558
4369,29.653
4370,29.508
4371,29.713
4372,29.608
4373,29.678
4374,29.753
4375,29.862
4376,29.947
4377,30.081
4378,30.041
4379,30.101
4380,30.254
4381,30.329
4382,30.398
4383,30.388
4384,30.309
4385,30.319
4386,30.368
4387,30.279
4388,30.309
4389,30.477
4390,30.373
4391,30.329
4392,30.334
4393,30.408
4394,30.527
4395,30.561
4396,30.611
4397,30.66
4398,30.675
4399,30.754
4400,30.66
4401,30.764
4402,30.783
4403,30.744
4404,30.699
4405,30.813
4406,30.615
4407,30.665
4408,30.487
4409,30.442
4410,30.413
4411,30.125
4412,30.368
4413,30.175
4414,30.076
4415,29.932
4416,29.748
4417,29.673
4418,29.608
4419,29.598
4420,29.478
4421,29.403
4422,29.458
4423,29.513
4424,29.503
4425,29.578
4426,29.513
4427,29.153
4428,29.018
4429,28.888
4430,28.682
4431,28.501
4432,28.314
4433,28.102
4434,27.95
4435,27.682
4436,27.514
4437,27.443
4438,27.148
4439,27.183
4440,27.046
4441,26.754
4442,27.03
4443,26.836
4444,26.601
4445,26.862
4446,26.841
4447,26.55
4448,26.488
4449,26.483
4450,26.344
4451,26.524
4452,26.375
4453,26.349
4454,26.313
4455,26.195
4456,26.18
4457,26.236
4458,26.221
4459,26.128
4460,26.144
4461,25.938
4462,26.082
4463,26.03
4464,25.948
4465,25.989
4466,25.932
4467,25.927
4468,25.881
4469,25.788
4470,25.896
4471,25.871
4472,25.798
4473,25.814
4474,25.762
4475,25.793
4476,25.772
4477,25.809
4478,25.793
4479,25.752
4480,25.69
4481,25.814
4482,25.85
4483,25.721
4484,25.747
4485,25.824
4486,25.907
4487,25.989
4488,26.0
4489,26.123
4490,25.974
4491,26.103
4492,26.221
4493,26.139
4494,26.231
4495,26.231
4496,26.277
4497,26.231
4498,26.401
4499,26.467
4500,26.416
4501,26.652
4502,26.626
4503,26.841
4504,26.933
4505,27.01
4506,26.984
4507,27.107
4508,27.331
4509,27.29
4510,27.524
4511,27.55
4512,27.677
4513,27.809
4514,28.062
4515,28.284
4516,28.264
4517,28.471
4518,28.36
4519,28.782
4520,28.792
4521,28.858
4522,29.018
4523,29.199
4524,29.249
4525,29.354
4526,29.374
4527,29.508
4528,29.548
4529,29.678
4530,29.698
4531,29.708
4532,29.882
4533,29.857
4534,29.867
4535,29.996
4536,29.976
4537,30.234
4538,30.294
4539,30.269
4540,30.304
4541,30.512
4542,30.447
4543,30.546
4544,30.428
4545,30.413
4546,30.393
4547,30.294
4548,30.418
4549,30.428
4550,30.462
4551,30.462
4552,30.363
4553,30.512
4554,30.477
4555,30.596
4556,30.615
4557,30.838
4558,30.68
4559,30.769
4560,30.857
4561,30.931
4562,30.872
4563,30.897
4564,30.867
4565,30.916
4566,30.69
4567,30.541
4568,30.63
4569,30.472
4570,30.294
4571,30.343
4572,30.368
4573,30.215
4574,30.145
4575,29.956
4576,29.991
4577,29.708
4578,29.588
4579,29.608
4580,29.633
4581,29.608
4582,29.708
4583,29.648
4584,29.598
4585,29.583
4586,29.349
4587,29.294
4588,29.168
4589,29.018
4590,28.828
4591,28.471
4592,28.4
4593,28.047
4594,27.91
4595,27.748
4596,27.509
4597,27.418
4598,27.321
4599,27.194
4600,27.148
4601,27.056
4602,26.928
4603,26.867
4604,26.903
4605,26.765
4606,26.683
4607,26.806
4608,26.529
4609,26.524
4610,26.447
4611,26.437
4612,26.478
4613,26.231
4614,26.231
4615,26.185
4616,26.2
4617,26.319
4618,26.164
4619,26.041
4620,26.164
4621,26.005
4622,26.149
4623,25.969
4624,25.938
4625,25.969
4626,25.989
4627,25.969
4628,25.958
4629,25.824
4630,25.819
4631,25.819
4632,25.871
4633,25.803
4634,25.829
4635,25.757
4636,25.742
4637,25.726
4638,25.752
4639,25.685
4640,25.705
4641,25.819
4642,25.829
4643,25.731
4644,25.798
4645,25.938
4646,25.912
4647,25.902
4648,26.025
4649,26.077
4650,26.097
4651,26.128
4652,26.072
4653,26.272
4654,26.283
4655,26.247
4656,26.293
4657,26.452
4658,26.58
4659,26.575
4660,26.626
4661,26.79
4662,26.765
4663,26.872
4664,26.918
4665,27.005
4666,27.158
4667,27.189
4668,27.362
4669,27.494
4670,27.565
4671,27.692
4672,27.93
4673,27.864
4674,28.249
4675,28.355
4676,28.375
4677,28.576
4678,28.591
4679,28.742
4680,28.843
4681,29.058
4682,29.083
4683,29.199
4684,29.244
4685,29.369
4686,29.344
4687,29.528
4688,29.678
4689,29.653
4690,29.678
4691,29.817
4692,29.892
4693,29.971
4694,29.887
4695,30.105
4696,30.279
4697,30.294
4698,30.274
4699,30.418
4700,30.527
4701,30.477
4702,30.403
4703,30.536
4704,30.437
4705,30.457
4706,30.457
4707,30.546
4708,30.383
4709,30.507
4710,30.433
4711,30.497
4712,30.492
4713,30.551
4714,30.611
4715,30.704
4716,30.541
4717,30.69
4718,30.823
4719,30.951
4720,30.892
4721,30.862
4722,30.892
4723,30.892
4724,30.907
4725,30.754
4726,30.719
4727,30.645
4728,30.576
4729,30.551
4730,30.388
4731,30.393
4732,30.487
4733,30.334
4734,30.363
4735,30.17
4736,30.115
4737,29.922
4738,29.927
4739,29.753
4740,29.832
4741,29.862
4742,29.782
4743,29.872
4744,29.688
4745,29.613
4746,29.393
4747,29.274
4748,29.163
4749,28.958
4750,28.767
4751,28.435
4752,28.249
4753,28.138
4754,27.92
4755,27.814
4756,27.667
4757,27.326
4758,27.326
4759,27.224
4760,27.143
4761,27.076
4762,27.03
4763,27.025
4764,26.944
4765,26.836
4766,26.678
4767,26.749
4768,26.58
4769,26.514
4770,26.534
4771,26.478
4772,26.37
4773,26.37
4774,26.355
4775,26.154
4776,26.236
4777,26.113
4778,26.195
4779,26.216
4780,26.118
4781,26.072
4782,26.061
4783,26.092
4784,26.056
4785,25.922
4786,25.969
4787,25.922
4788,25.767
4789,26.051
4790,25.86
4791,25.803
4792,25.912
4793,25.943
4794,25.829
4795,25.778
4796,25.736
4797,25.84
4798,25.742
4799,25.84
4800,25.84
4801,25.803
4802,25.772
4803,25.742
4804,25.891
4805,25.85
4806,25.876
4807,25.917
4808,25.896
4809,26.056
4810,26.154
4811,26.087
4812,26.2
4813,26.231
4814,26.355
4815,26.277
4816,26.421
4817,26.575
4818,26.575
4819,26.565
4820,26.729
4821,26.795
4822,26.903
4823,26.744
4824,26.964
4825,27.204
4826,27.245
4827,27.29
4828,27.519
4829,27.56
4830,27.829
4831,27.92
4832,28.001
4833,28.052
4834,28.41
4835,28.546
4836,28.546
4837,28.687
4838,28.782
4839,29.043
4840,28.893
4841,29.128
4842,29.199
4843,29.194
4844,29.244
4845,29.339
4846,29.498
4847,29.653
4848,29.698
4849,29.777
4850,29.767
4851,29.942
4852,30.145
4853,30.061
4854,30.12
4855,30.319
4856,30.304
4857,30.338
4858,30.368
4859,30.546
4860,30.527
4861,30.556
4862,30.531
4863,30.571
4864,30.561
4865,30.675
4866,30.467
4867,30.492
4868,30.462
4869,30.418
4870,30.512
4871,30.655
4872,30.556
4873,30.576
4874,30.719
4875,30.601
4876,30.729
4877,30.897
4878,30.798
4879,30.916
4880,30.966
4881,30.911
4882,30.867
4883,30.985
4884,30.862
4885,30.892
4886,30.694
4887,30.591
4888,30.744
4889,30.69
4890,30.507
4891,30.482
4892,30.527
4893,30.358
4894,30.363
4895,30.22
4896,30.115
4897,30.14
4898,30.036
4899,29.887
4900,29.882
4901,29.758
4902,29.937
4903,29.847
4904,29.718
4905,29.558
4906,29.498
4907,29.329
4908,29.204
4909,29.028
4910,28.828
4911,28.637
4912,28.465
4913,28.163
4914,28.057
4915,27.839
4916,27.788
4917,27.606
4918,27.382
4919,27.321
4920,27.199
4921,27.153
4922,26.974
4923,27.046
4924,26.836
4925,26.795
4926,26.898
4927,26.754
4928,26.708
4929,26.688
4930,26.596
4931,26.534
4932,26.36
4933,26.365
4934,26.344
4935,26.252
4936,26.241
4937,26.267
4938,26.128
4939,26.097
4940,26.164
4941,25.979
4942,26.103
4943,26.277
4944,25.969
4945,25.948
4946,25.953
4947,26.0
4948,25.943
4949,25.963
4950,25.969
4951,26.02
4952,25.902
4953,25.886
4954,25.84
4955,25.767
4956,25.731
4957,25.86
4958,25.747
4959,25.721
4960,25.814
4961,25.762
4962,25.829
4963,25.886
4964,25.86
4965,25.953
4966,25.927
4967,25.793
4968,25.969
4969,26.01
4970,26.216
4971,26.211
4972,26.211
4973,26.426
4974,26.216
4975,26.478
4976,26.447
4977,26.55
4978,26.637
4979,26.606
4980,26.657
4981,26.806
4982,27.0
4983,27.025
4984,27.076
4985,27.158
4986,27.321
4987,27.484
4988,27.484
4989,27.773
4990,27.875
4991,27.935
4992,28.082
4993,28.183
4994,28.455
4995,28.531
4996,28.591
4997,28.787
4998,28.903
4999,29.108
5000,29.058
5001,29.083
5002,29.254
5003,29.234
5004,29.204
5005,29.304
5006,29.523
5007,29.688
5008,29.862
5009,29.877
5010,29.917
5011,29.887
5012,30.14
5013,30.081
5014,30.289
5015,30.309
5016,30.343
5017,30.428
5018,30.507
5019,30.68
5020,30.551
5021,30.64
5022,30.611
5023,30.615
5024,30.591
5025,30.64
5026,30.606
5027,30.536
5028,30.655
5029,30.635
5030,30.694
5031,30.62
5032,30.67
5033,30.64
5034,30.759
5035,30.852
5036,30.818
5037,30.877
5038,30.872
5039,30.941
5040,30.966
5041,31.064
5042,30.936
5043,30.966
5044,30.877
5045,30.916
5046,30.759
5047,30.724
5048,30.615
5049,30.749
5050,30.665
5051,30.541
5052,30.492
5053,30.437
5054,30.418
5055,30.348
5056,30.12
5057,29.976
5058,29.981
5059,30.031
5060,29.956
5061,29.897
5062,29.867
5063,29.852
5064,29.553
5065,29.708
5066,29.588
5067,29.463
5068,29.364
5069,29.013
5070,28.782
5071,28.677
5072,28.4
5073,28.304
5074,28.239
5075,27.95
5076,27.717
5077,27.651
5078,27.484
5079,27.397
5080,27.26
5081,27.25
5082,27.036
5083,27.041
5084,26.8
5085,26.811
5086,26.847
5087,26.693
5088,26.637
5089,26.754
5090,26.524
5091,26.565
5092,26.365
5093,26.344
5094,26.36
5095,26.288
5096,26.123
5097,26.247
5098,26.18
5099,26.118
5100,26.118
5101,26.046
5102,26.128
5103,25.979
5104,26.015
5105,26.02
5106,25.974
5107,26.072
5108,25.953
5109,25.917
5110,25.922
5111,25.747
5112,25.824
5113,25.932
5114,25.932
5115,25.871
5116,25.896
5117,25.772
5118,25.824
5119,25.778
5120,25.783
5121,25.669
5122,25.855
5123,25.809
5124,25.886
5125,25.881
5126,25.979
5127,26.02
5128,26.051
5129,26.041
5130,26.216
5131,26.169
5132,26.211
5133,26.236
5134,26.396
5135,26.467
5136,26.462
5137,26.565
5138,26.688
5139,26.708
5140,26.795
5141,26.785
5142,27.071
5143,27.127
5144,27.229
5145,27.255
5146,27.387
5147,27.738
5148,27.819
5149,27.849
5150,27.94
5151,28.052
5152,28.234
5153,28.41
5154,28.486
5155,28.637
5156,28.707
5157,28.943
5158,29.028
5159,28.993
5160,29.118
5161,29.153
5162,29.199
5163,29.314
5164,29.463
5165,29.668
5166,29.693
5167,29.713
5168,29.738
5169,29.991
5170,30.091
5171,30.105
5172,30.234
5173,30.165
5174,30.343
5175,30.433
5176,30.566
5177,30.596
5178,30.596
5179,30.586
5180,30.517
5181,30.62
5182,30.66
5183,30.704
5184,30.66
5185,30.808
5186,30.699
5187,30.67
5188,30.65
5189,30.615
5190,30.551
5191,30.724
5192,30.655
5193,30.808
5194,30.828
5195,30.828
5196,30.793
5197,30.936
5198,31.03
5199,31.01
5200,30.995
5201,30.852
5202,31.108
5203,30.838
5204,30.911
5205,30.941
5206,30.803
5207,30.833
5208,30.699
5209,30.808
5210,30.773
5211,30.724
5212,30.541
5213,30.423
5214,30.334
5215,30.363
5216,30.343
5217,30.101
5218,30.15
5219,29.976
5220,29.966
5221,29.887
5222,29.862
5223,29.767
5224,29.673
5225,29.653
5226,29.603
5227,29.413
5228,29.503
5229,29.128
5230,29.008
5231,28.818
5232,28.476
5233,28.39
5234,28.269
5235,28.052
5236,27.976
5237,27.783
5238,27.55
5239,27.499
5240,27.469
5241,27.321
5242,27.102
5243,27.087
5244,26.939
5245,27.036
5246,26.944
5247,26.964
5248,26.673
5249,26.58
5250,26.637
5251,26.514
5252,26.498
5253,26.365
5254,26.313
5255,26.262
5256,26.324
5257,26.262
5258,26.272
5259,26.205
5260,26.118
5261,26.005
5262,26.025
5263,25.994
5264,26.036
5265,26.005
5266,26.051
5267,26.015
5268,26.046
5269,25.752
5270,25.907
5271,25.772
5272,25.912
5273,25.855
5274,25.845
5275,25.829
5276,25.886
5277,25.793
5278,25.762
5279,25.86
5280,25.736
5281,25.855
5282,25.855
5283,25.803
5284,25.891
5285,25.902
5286,25.912
5287,26.02
5288,25.902
5289,26.066
5290,26.19
5291,26.185
5292,26.365
5293,26.257
5294,26.355
5295,26.488
5296,26.585
5297,26.565
5298,26.739
5299,26.713
5300,26.954
5301,26.974
5302,27.092
5303,27.25
5304,27.285
5305,27.397
5306,27.448
5307,27.707
5308,27.849
5309,27.971
5310,28.178
5311,28.239
5312,28.294
5313,28.465
5314,28.601
5315,28.883
5316,28.888
5317,29.038
5318,29.153
5319,29.279
5320,29.183
5321,29.259
5322,29.374
5323,29.428
5324,29.423
5325,29.663
5326,29.743
5327,29.917
5328,29.907
5329,30.011
5330,30.19
5331,30.225
5332,30.259
5333,30.319
5334,30.408
5335,30.457
5336,30.675
5337,30.69
5338,30.546
5339,30.719
5340,30.675
5341,30.685
5342,30.69
5343,30.783
5344,30.759
5345,30.793
5346,30.778
5347,30.847
5348,30.699
5349,30.66
5350,30.645
5351,30.769
5352,30.729
5353,30.838
5354,30.833
5355,30.98
5356,30.966
5357,31.02
5358,31.01
5359,31.0
5360,31.089
5361,31.074
5362,31.118
5363,30.995
5364,30.966
5365,30.892
5366,30.907
5367,30.833
5368,30.798
5369,30.847
5370,30.778
5371,30.556
5372,30.522
5373,30.373
5374,30.472
5375,30.373
5376,30.338
5377,30.036
5378,30.091
5379,30.021
5380,29.927
5381,29.976
5382,29.852
5383,29.827
5384,29.658
5385,29.648
5386,29.553
5387,29.588
5388,29.403
5389,29.314
5390,29.168
5391,28.938
5392,28.742
5393,28.606
5394,28.299
5395,28.072
5396,28.092
5397,27.763
5398,27.758
5399,27.387
5400,27.341
5401,27.306
5402,27.148
5403,27.01
5404,26.969
5405,26.887
5406,26.928
5407,26.806
5408,26.785
5409,26.724
5410,26.539
5411,26.56
5412,26.457
5413,26.416
5414,26.401
5415,26.211
5416,26.293
5417,26.247
5418,26.2
5419,26.185
5420,26.231
5421,26.092
5422,26.077
5423,26.103
5424,26.03
5425,26.02
5426,25.948
5427,25.984
5428,25.953
5429,25.994
5430,25.902
5431,25.871
5432,25.84
5433,25.829
5434,25.927
5435,25.819
5436,25.742
5437,25.778
5438,25.752
5439,25.716
5440,25.829
5441,25.742
5442,25.845
5443,25.886
5444,25.881
5445,26.01
5446,26.0
5447,26.159
5448,26.087
5449,26.103
5450,26.257
5451,26.195
5452,26.221
5453,26.344
5454,26.591
5455,26.38
5456,26.585
5457,26.673
5458,26.76
5459,26.811
5460,27.041
5461,26.974
5462,27.158
5463,27.199
5464,27.448
5465,27.606
5466,27.702
5467,27.905
5468,27.92
5469,27.986
5470,28.345
5471,28.309
5472,28.465
5473,28.642
5474,28.868
5475,28.828
5476,29.168
5477,29.113
5478,29.279
5479,29.244
5480,29.284
5481,29.428
5482,29.558
5483,29.518
5484,29.658
5485,29.723
5486,29.862
5487,30.006
5488,29.966
5489,30.195
5490,30.19
5491,30.309
5492,30.358
5493,30.581
5494,30.531
5495,30.551
5496,30.625
5497,30.744
5498,30.729
5499,30.808
5500,30.773
5501,30.783
5502,30.818
5503,30.976
5504,30.916
5505,30.857
5506,31.054
5507,30.818
5508,30.857
5509,30.773
5510,30.764
5511,30.769
5512,30.862
5513,31.02
5514,30.911
5515,31.03
5516,31.074
5517,31.089
5518,31.153
5519,31.079
5520,31.099
5521,31.089
5522,30.99
5523,31.015
5524,31.177
5525,30.976
5526,30.966
5527,30.931
5528,30.946
5529,30.818
5530,30.699
5531,30.714
5532,30.694
5533,30.69
5534,30.472
5535,30.368
5536,30.249
5537,30.254
5538,30.16
5539,30.056
5540,29.947
5541,29.902
5542,29.937
5543,29.837
5544,29.753
5545,29.767
5546,29.593
5547,29.723
5548,29.503
5549,29.418
5550,29.374
5551,29.058
5552,28.898
5553,28.551
5554,28.526
5555,28.244
5556,28.143
5557,27.839
5558,27.738
5559,27.57
5560,27.443
5561,27.362
5562,27.336
5563,27.163
5564,27.122
5565,27.056
5566,26.949
5567,27.025
5568,26.78
5569,26.785
5570,26.744
5571,26.539
5572,26.39
5573,26.385
5574,26.437
5575,26.396
5576,26.216
5577,26.329
5578,26.226
5579,26.247
5580,26.154
5581,26.164
5582,26.236
5583,26.231
5584,26.03
5585,26.092
5586,25.881
5587,25.958
5588,25.948
5589,26.03
5590,25.84
5591,25.86
5592,25.814
5593,25.886
5594,25.814
5595,25.871
5596,25.824
5597,25.803
5598,25.814
5599,25.819
5600,25.788
5601,25.783
5602,25.943
5603,25.809
5604,25.907
5605,25.881
5606,25.994
5607,26.061
5608,26.108
5609,26.195
5610,26.144
5611,26.293
5612,26.298
5613,26.288
5614,26.406
5615,26.55
5616,26.601
5617,26.744
5618,26.76
5619,26.811
5620,27.0
5621,27.163
5622,27.178
5623,27.402
5624,27.616
5625,27.621
5626,27.793
5627,27.829
5628,28.016
5629,28.279
5630,28.36
5631,28.551
5632,28.611
5633,28.687
5634,29.098
5635,29.068
5636,29.118
5637,29.264
5638,29.289
5639,29.473
5640,29.503
5641,29.393
5642,29.673
5643,29.578
5644,29.837
5645,29.842
5646,30.011
5647,30.12
5648,30.165
5649,30.229
5650,30.254
5651,30.358
5652,30.497
5653,30.536
5654,30.541
5655,30.68
5656,30.749
5657,30.749
5658,30.788
5659,30.783
5660,30.877
5661,30.803
5662,30.872
5663,30.911
5664,30.916
5665,30.951
5666,30.946
5667,30.783
5668,30.813
5669,30.867
5670,30.739
5671,30.897
5672,30.877
5673,31.074
5674,31.02
5675,31.153
5676,31.089
5677,31.064
5678,31.069
5679,31.054
5680,31.153
5681,31.054
5682,31.099
5683,31.113
5684,31.177
5685,31.025
5686,31.015
5687,30.995
5688,30.936
5689,30.882
5690,30.783
5691,30.665
5692,30.793
5693,30.576
5694,30.576
5695,30.442
5696,30.408
5697,30.279
5698,30.16
5699,30.22
5700,30.145
5701,29.971
5702,29.807
5703,29.787
5704,29.678
5705,29.723
5706,29.593
5707,29.548
5708,29.503
5709,29.398
5710,29.428
5711,29.143
5712,29.003
5713,28.828
5714,28.662
5715,28.385
5716,27.966
5717,28.067
5718,27.94
5719,27.631
5720,27.687
5721,27.504
5722,27.336
5723,27.138
5724,27.056
5725,27.066
5726,26.882
5727,27.03
5728,26.79
5729,26.724
5730,26.529
5731,26.58
5732,26.355
5733,26.416
5734,26.38
5735,26.375
5736,26.221
5737,26.339
5738,26.216
5739,26.257
5740,26.149
5741,26.175
5742,26.103
5743,26.056
5744,26.03
5745,25.963
5746,26.241
5747,26.0
5748,25.958
5749,26.005
5750,25.953
5751,25.85
5752,25.752
5753,25.907
5754,25.778
5755,25.716
5756,25.762
5757,25.865
5758,25.834
5759,25.871
5760,25.767
5761,25.824
5762,25.824
5763,25.824
5764,25.927
5765,25.984
5766,26.015
5767,26.19
5768,26.18
5769,26.262
5770,26.216
5771,26.267
5772,26.56
5773,26.473
5774,26.349
5775,26.534
5776,26.57
5777,26.698
5778,26.974
5779,26.821
5780,27.102
5781,27.229
5782,27.229
5783,27.352
5784,27.58
5785,27.799
5786,28.006
5787,28.107
5788,28.309
5789,28.329
5790,28.506
5791,28.657
5792,28.772
5793,28.813
5794,29.173
5795,29.239
5796,29.274
5797,29.284
5798,29.398
5799,29.603
5800,29.638
5801,29.608
5802,29.713
5803,29.842
5804,29.867
5805,29.922
5806,30.165
5807,30.145
5808,30.244
5809,30.373
5810,30.477
5811,30.625
5812,30.581
5813,30.665
5814,30.857
5815,30.847
5816,30.764
5817,30.724
5818,30.798
5819,30.867
5820,30.946
5821,30.976
5822,30.907
5823,31.069
5824,31.025
5825,30.946
5826,31.074
5827,30.916
5828,30.946
5829,30.842
5830,30.882
5831,30.931
5832,30.911
5833,31.074
5834,31.094
5835,31.153
5836,31.276
5837,31.251
5838,31.202
5839,31.118
5840,30.985
5841,31.212
5842,31.03
5843,31.094
5844,31.251
5845,31.089
5846,31.03
5847,31.054
5848,30.867
5849,30.916
5850,30.833
5851,30.808
5852,30.769
5853,30.749
5854,30.635
5855,30.492
5856,30.428
5857,30.393
5858,30.15
5859,30.105
5860,29.986
5861,29.947
5862,29.927
5863,29.912
5864,29.867
5865,29.718
5866,29.743
5867,29.693
5868,29.678
5869,29.548
5870,29.448
5871,29.299
5872,29.173
5873,29.023
5874,28.853
5875,28.596
5876,28.334
5877,28.138
5878,28.026
5879,27.864
5880,27.601
5881,27.621
5882,27.382
5883,27.209
5884,27.27
5885,27.081
5886,26.979
5887,26.949
5888,26.826
5889,26.77
5890,26.744
5891,26.606
5892,26.575
5893,26.416
5894,26.426
5895,26.38
5896,26.205
5897,26.334
5898,26.149
5899,26.221
5900,26.139
5901,26.087
5902,26.144
5903,26.036
5904,26.051
5905,25.938
5906,25.979
5907,25.912
5908,25.886
5909,25.834
5910,26.01
5911,25.85
5912,25.865
5913,25.633
5914,25.958
5915,25.814
5916,25.809
5917,25.845
5918,25.772
5919,25.659
5920,25.85
5921,25.855
5922,25.69
5923,26.0
5924,25.963
5925,26.133
5926,25.969
5927,26.211
5928,26.205
5929,26.169
5930,26.385
5931,26.262
5932,26.488
5933,26.478
5934,26.462
5935,26.611
5936,26.621
5937,26.734
5938,26.8
5939,27.005
5940,27.168
5941,27.255
5942,27.438
5943,27.636
5944,27.778
5945,27.829
5946,27.905
5947,28.203
5948,28.299
5949,28.491
5950,28.516
5951,28.737
5952,28.928
5953,29.194
5954,29.158
5955,29.289
5956,29.383
5957,29.528
5958,29.618
5959,29.688
5960,29.698
5961,29.728
5962,29.812
5963,29.827
5964,29.877
5965,29.976
5966,30.13
5967,30.363
5968,30.358
5969,30.497
5970,30.625
5971,30.655
5972,30.778
5973,30.783
5974,30.857
5975,30.798
5976,30.872
5977,30.931
5978,30.828
5979,30.951
5980,30.887
5981,30.916
5982,31.04
5983,31.0
5984,31.103
5985,30.985
5986,31.133
5987,31.123
5988,31.182
5989,31.054
5990,31.0
5991,30.862
5992,30.907
5993,31.103
5994,31.118
5995,31.226
5996,31.202
5997,31.315
5998,31.33
5999,31.138
6000,31.064
6001,30.971
6002,31.064
6003,31.108
6004,31.197
6005,31.108
6006,31.079
6007,31.217
6008,31.03
6009,31.035
6010,30.931
6011,30.966
6012,30.862
6013,30.773
6014,30.69
6015,30.719
6016,30.452
6017,30.437
6018,30.348
6019,30.358
6020,30.155
6021,30.021
6022,29.942
6023,29.966
6024,29.961
6025,29.887
6026,29.827
6027,29.598
6028,29.643
6029,29.453
6030,29.518
6031,29.418
6032,29.309
6033,29.078
6034,29.073
6035,28.722
6036,28.435
6037,28.208
6038,28.077
6039,27.91
6040,27.788
6041,27.616
6042,27.438
6043,27.392
6044,27.255
6045,27.204
6046,27.046
6047,26.974
6048,26.775
6049,26.806
6050,26.693
6051,26.688
6052,26.483
6053,26.514
6054,26.416
6055,26.36
6056,26.411
6057,26.175
6058,26.283
6059,26.128
6060,26.159
6061,26.108
6062,26.123
6063,26.133
6064,26.097
6065,26.072
6066,26.03
6067,25.948
6068,25.912
6069,25.855
6070,25.881
6071,25.886
6072,25.829
6073,25.747
6074,25.865
6075,25.772
6076,25.845
6077,25.896
6078,25.886
6079,25.695
6080,25.829
6081,25.891
6082,25.876
6083,26.025
6084,25.943
6085,25.979
6086,25.969
6087,26.159
6088,26.123
6089,26.195
6090,26.319
6091,26.308
6092,26.401
6093,26.503
6094,26.642
6095,26.744
6096,26.821
6097,26.816
6098,27.02
6099,27.138
6100,27.26
6101,27.418
6102,27.474
6103,27.768
6104,27.885
6105,28.072
6106,28.011
6107,28.319
6108,28.501
6109,28.702
6110,28.767
6111,28.968
6112,29.224
6113,29.188
6114,29.284
6115,29.543
6116,29.548
6117,29.633
6118,29.738
6119,29.762
6120,29.892
6121,29.961
6122,30.026
6123,29.966
6124,30.011
6125,30.264
6126,30.254
6127,30.408
6128,30.625
6129,30.808
6130,30.62
6131,30.798
6132,30.877
6133,30.99
6134,30.951
6135,30.985
6136,30.941
6137,31.005
6138,30.877
6139,30.961
6140,30.897
6141,31.074
6142,31.049
6143,31.212
6144,31.167
6145,31.192
6146,31.162
6147,31.177
6148,31.202
6149,31.074
6150,31.123
6151,31.133
6152,31.113
6153,31.212
6154,31.256
6155,31.266
6156,31.388
6157,31.398
6158,31.462
6159,31.246
6160,31.177
6161,31.035
6162,31.094
6163,31.113
6164,31.285
6165,31.182
6166,31.202
6167,31.162
6168,31.221
6169,31.113
6170,31.084
6171,31.064
6172,30.976
6173,30.892
6174,30.842
6175,30.531
6176,30.536
6177,30.452
6178,30.329
6179,30.388
6180,30.215
6181,30.155
6182,30.086
6183,29.966
6184,29.976
6185,29.956
6186,29.797
6187,29.847
6188,29.738
6189,29.782
6190,29.593
6191,29.453
6192,29.483
6193,29.349
6194,29.013
6195,28.808
6196,28.611
6197,28.314
6198,28.178
6199,28.047
6200,27.895
6201,27.799
6202,27.616
6203,27.565
6204,27.352
6205,27.229
6206,27.214
6207,27.143
6208,26.79
6209,26.918
6210,26.652
6211,26.678
6212,26.591
6213,26.519
6214,26.432
6215,26.37
6216,26.344
6217,26.2
6218,26.257
6219,26.149
6220,26.118
6221,26.113
6222,26.164
6223,26.226
6224,26.082
6225,26.056
6226,25.979
6227,26.087
6228,25.948
6229,25.845
6230,25.876
6231,25.865
6232,25.778
6233,25.69
6234,25.788
6235,25.855
6236,25.84
6237,25.886
6238,25.829
6239,25.834
6240,25.948
6241,25.855
6242,25.824
6243,25.969
6244,26.02
6245,25.994
6246,26.036
6247,26.139
6248,26.195
6249,26.324
6250,26.329
6251,26.416
6252,26.544
6253,26.58
6254,26.647
6255,26.673
6256,26.841
6257,27.0
6258,27.107
6259,27.275
6260,27.189
6261,27.509
6262,27.687
6263,27.839
6264,27.91
6265,28.188
6266,28.173
6267,28.43
6268,28.571
6269,28.742
6270,28.923
6271,29.033
6272,29.359
6273,29.314
6274,29.538
6275,29.488
6276,29.723
6277,29.777
6278,29.762
6279,29.882
6280,30.076
6281,30.021
6282,30.18
6283,30.229
6284,30.19
6285,30.274
6286,30.403
6287,30.487
6288,30.63
6289,30.734
6290,30.754
6291,30.754
6292,31.084
6293,31.015
6294,30.966
6295,30.862
6296,30.995
6297,31.025
6298,30.813
6299,31.064
6300,31.015
6301,31.192
6302,31.202
6303,31.231
6304,31.197
6305,31.172
6306,31.33
6307,31.192
6308,31.246
6309,31.177
6310,31.103
6311,31.128
6312,31.099
6313,31.177
6314,31.266
6315,31.251
6316,31.32
6317,31.526
6318,31.467
6319,31.202
6320,31.226
6321,31.069
6322,31.148
6323,31.339
6324,31.447
6325,31.261
6326,31.148
6327,31.29
6328,31.31
6329,31.207
6330,31.054
6331,31.118
6332,31.118
6333,30.936
6334,30.833
6335,30.719
6336,30.685
6337,30.447
6338,30.442
6339,30.418
6340,30.413
6341,30.14
6342,30.19
6343,30.16
6344,30.175
6345,30.011
6346,29.912
6347,29.897
6348,29.917
6349,29.797
6350,29.623
6351,29.508
6352,29.543
6353,29.378
6354,29.083
6355,28.938
6356,28.712
6357,28.536
6358,28.299
6359,28.193
6360,27.91
6361,27.844
6362,27.606
6363,27.428
6364,27.458
6365,27.367
6366,27.209
6367,27.046
6368,26.852
6369,26.795
6370,26.744
6371,26.785
6372,26.524
6373,26.555
6374,26.416
6375,26.462
6376,26.313
6377,26.324
6378,26.241
6379,26.097
6380,26.103
6381,26.077
6382,26.169
6383,26.123
6384,26.128
6385,25.974
6386,26.066
6387,25.969
6388,25.984
6389,25.922
6390,25.876
6391,25.824
6392,25.788
6393,25.881
6394,25.767
6395,25.834
6396,25.742
6397,25.747
6398,25.829
6399,25.803
6400,26.036
6401,25.907
6402,26.056
6403,26.025
6404,26.025
6405,26.066
6406,26.252
6407,26.144
6408,26.226
6409,26.39
6410,26.498
6411,26.452
6412,26.678
6413,26.719
6414,26.657
6415,26.831
6416,27.01
6417,27.076
6418,27.046
6419,27.27
6420,27.494
6421,27.743
6422,27.859
6423,27.986
6424,28.143
6425,28.264
6426,28.334
6427,28.445
6428,28.752
6429,28.918
6430,29.133
6431,29.344
6432,29.478
6433,29.623
6434,29.787
6435,29.658
6436,29.827
6437,29.867
6438,29.971
6439,30.115
6440,30.19
6441,30.215
6442,30.299
6443,30.363
6444,30.423
6445,30.423
6446,30.541
6447,30.606
6448,30.882
6449,30.921
6450,31.103
6451,31.089
6452,31.108
6453,31.084
6454,31.089
6455,31.094
6456,30.995
6457,31.015
6458,31.049
6459,31.059
6460,31.074
6461,31.133
6462,31.128
6463,31.246
6464,31.266
6465,31.226
6466,31.325
6467,31.433
6468,31.349
6469,31.236
6470,31.192
6471,31.158
6472,31.148
6473,31.325
6474,31.364
6475,31.379
6476,31.477
6477,31.624
6478,31.57
6479,31.418
6480,31.29
6481,31.118
6482,31.113
6483,31.325
6484,31.383
6485,31.31
6486,31.379
6487,31.29
6488,31.295
6489,31.217
6490,31.246
6491,31.226
6492,31.148
6493,30.936
6494,30.931
6495,30.704
6496,30.685
6497,30.655
6498,30.502
6499,30.477
6500,30.492
6501,30.363
6502,30.358
6503,30.378
6504,30.165
6505,30.101
6506,30.066
6507,30.016
6508,29.882
6509,29.862
6510,29.792
6511,29.643
6512,29.433
6513,29.488
6514,29.339
6515,29.083
6516,28.737
6517,28.596
6518,28.4
6519,28.228
6520,28.228
6521,27.961
6522,27.864
6523,27.54
6524,27.499
6525,27.463
6526,27.183
6527,27.071
6528,27.025
6529,26.933
6530,26.76
6531,26.775
6532,26.683
6533,26.642
6534,26.488
6535,26.509
6536,26.396
6537,26.447
6538,26.319
6539,26.288
6540,26.272
6541,26.144
6542,26.154
6543,26.087
6544,26.0
6545,26.066
6546,26.0
6547,26.025
6548,26.025
6549,25.855
6550,25.969
6551,25.829
6552,25.886
6553,25.891
6554,25.834
6555,25.871
6556,25.819
6557,25.886
6558,25.886
6559,25.798
6560,26.01
6561,25.984
6562,25.974
6563,25.938
6564,26.082
6565,26.108
6566,26.236
6567,26.226
6568,26.257
6569,26.38
6570,26.462
6571,26.544
6572,26.698
6573,26.688
6574,26.749
6575,26.831
6576,27.005
6577,27.097
6578,27.122
6579,27.331
6580,27.346
6581,27.738
6582,27.809
6583,28.062
6584,28.289
6585,28.395
6586,28.465
6587,28.732
6588,28.938
6589,29.123
6590,29.378
6591,29.453
6592,29.573
6593,29.738
6594,29.862
6595,29.837
6596,29.892
6597,30.041
6598,29.981
6599,30.239
6600,30.22
6601,30.334
6602,30.442
6603,30.522
6604,30.566
6605,30.512
6606,30.714
6607,30.739
6608,30.857
6609,31.01
6610,31.059
6611,31.241
6612,31.128
6613,31.049
6614,31.099
6615,30.961
6616,30.921
6617,31.187
6618,30.946
6619,30.995
6620,31.084
6621,31.084
6622,31.217
6623,31.197
6624,31.379
6625,31.271
6626,31.447
6627,31.349
6628,31.334
6629,31.354
6630,31.207
6631,31.167
6632,31.162
6633,31.295
6634,31.486
6635,31.491
6636,31.56
6637,31.624
6638,31.687
6639,31.413
6640,31.305
6641,31.187
6642,31.295
6643,31.383
6644,31.452
6645,31.447
6646,31.359
6647,31.359
6648,31.261
6649,31.207
6650,31.187
6651,31.251
6652,31.059
6653,30.99
6654,30.951
6655,30.798
6656,30.729
6657,30.586
6658,30.541
6659,30.457
6660,30.403
6661,30.373
6662,30.358
6663,30.437
6664,30.076
6665,30.096
6666,30.2
6667,30.165
6668,29.852
6669,30.031
6670,29.847
6671,29.802
6672,29.762
6673,29.623
6674,29.463
6675,29.359
6676,29.008
6677,28.677
6678,28.551
6679,28.355
6680,28.107
6681,28.163
6682,27.844
6683,27.875
6684,27.555
6685,27.458
6686,27.199
6687,27.189
6688,27.01
6689,27.005
6690,26.703
6691,26.754
6692,26.616
6693,26.678
6694,26.514
6695,26.339
6696,26.483
6697,26.319
6698,26.385
6699,26.288
6700,26.159
6701,26.159
6702,26.159
6703,26.231
6704,26.097
6705,26.036
6706,26.03
6707,26.03
6708,25.886
6709,25.84
6710,25.922
6711,25.958
6712,25.902
6713,25.912
6714,25.974
6715,25.881
6716,25.767
6717,25.871
6718,25.829
6719,25.845
6720,25.989
6721,25.896
6722,25.979
6723,26.066
6724,26.046
6725,26.051
6726,26.175
6727,26.236
6728,26.334
6729,26.467
6730,26.55
6731,26.601
6732,26.698
6733,26.816
6734,26.882
6735,26.964
6736,27.092
6737,27.112
6738,27.24
6739,27.265
6740,27.606
6741,27.773
6742,27.961
6743,27.971
6744,28.208
6745,28.471
6746,28.717
6747,28.948
6748,29.103
6749,29.388
6750,29.448
6751,29.558
6752,29.633
6753,29.753
6754,29.862
6755,29.932
6756,29.952
6757,30.195
6758,30.299
6759,30.398
6760,30.408
6761,30.437
6762,30.527
6763,30.675
6764,30.591
6765,30.808
6766,30.759
6767,30.882
6768,30.985
6769,31.241
6770,31.251
6771,31.276
6772,31.221
6773,31.207
6774,31.172
6775,31.143
6776,31.197
6777,31.133
6778,31.074
6779,31.158
6780,31.207
6781,31.29
6782,31.241
6783,31.28
6784,31.271
6785,31.393
6786,31.339
6787,31.408
6788,31.403
6789,31.413
6790,31.344
6791,31.349
6792,31.177
6793,31.31
6794,31.452
6795,31.506
6796,31.486
6797,31.751
6798,31.648
6799,31.555
6800,31.501
6801,31.261
6802,31.383
6803,31.349
6804,31.349
6805,31.334
6806,31.472
6807,31.334
6808,31.354
6809,31.349
6810,31.398
6811,31.256
6812,31.364
6813,31.108
6814,31.02
6815,30.931
6816,30.872
6817,30.734
6818,30.611
6819,30.699
6820,30.615
6821,30.378
6822,30.368
6823,30.512
6824,30.343
6825,30.215
6826,30.18
6827,30.081
6828,30.071
6829,30.036
6830,29.966
6831,29.902
6832,29.797
6833,29.543
6834,29.418
6835,29.279
6836,29.118
6837,29.103
6838,28.722
6839,28.546
6840,28.334
6841,28.218
6842,27.915
6843,27.844
6844,27.672
6845,27.423
6846,27.336
6847,27.153
6848,27.117
6849,27.025
6850,26.857
6851,26.719
6852,26.657
6853,26.539
6854,26.524
6855,26.39
6856,26.519
6857,26.365
6858,26.329
6859,26.216
6860,26.262
6861,26.113
6862,26.149
6863,26.205
6864,26.015
6865,25.974
6866,26.02
6867,26.01
6868,26.005
6869,25.963
6870,25.974
6871,25.969
6872,25.958
6873,25.948
6874,25.979
6875,25.819
6876,25.84
6877,25.871
6878,25.783
6879,25.772
6880,25.953
6881,25.979
6882,25.948
6883,26.108
6884,25.953
6885,26.03
6886,26.283
6887,26.339
6888,26.277
6889,26.406
6890,26.55
6891,26.657
6892,26.688
6893,26.765
6894,26.729
6895,26.939
6896,27.168
6897,27.173
6898,27.245
6899,27.504
6900,27.611
6901,27.89
6902,28.047
6903,28.213
6904,28.284
6905,28.632
6906,28.808
6907,29.018
6908,29.294
6909,29.473
6910,29.792
6911,29.753
6912,29.867
6913,29.882
6914,30.036
6915,30.13
6916,30.105
6917,30.244
6918,30.358
6919,30.527
6920,30.601
6921,30.546
6922,30.665
6923,30.67
6924,30.842
6925,30.823
6926,30.852
6927,31.099
6928,31.153
6929,31.212
6930,31.251
6931,31.393
6932,31.295
6933,31.28
6934,31.158
6935,31.049
6936,31.099
6937,31.118
6938,31.231
6939,31.226
6940,31.236
6941,31.344
6942,31.433
6943,31.437
6944,31.393
6945,31.388
6946,31.423
6947,31.55
6948,31.428
6949,31.398
6950,31.447
6951,31.349
6952,31.276
6953,31.334
6954,31.687
6955,31.599
6956,31.697
6957,31.78
6958,31.81
6959,31.731
6960,31.624
6961,31.418
6962,31.482
6963,31.418
6964,31.437
6965,31.462
6966,31.511
6967,31.418
6968,31.423
6969,31.33
6970,31.246
6971,31.31
6972,31.359
6973,31.044
6974,31.01
6975,30.882
6976,30.877
6977,30.907
6978,30.754
6979,30.734
6980,30.576
6981,30.497
6982,30.63
6983,30.546
6984,30.388
6985,30.393
6986,30.368
6987,30.244
6988,30.115
6989,30.2
6990,30.051
6991,29.807
6992,29.777
6993,29.588
6994,29.418
6995,29.468
6996,29.274
6997,28.988
6998,28.903
6999,28.531
7000,28.405
7001,28.178
7002,28.097
7003,27.875
7004,27.743
7005,27.499
7006,27.367
7007,27.367
7008,27.112
7009,26.933
7010,26.933
7011,26.688
7012,26.662
7013,26.591
7014,26.703
7015,26.442
7016,26.534
7017,26.349
7018,26.334
7019,26.293
7020,26.355
7021,26.303
7022,26.18
7023,26.133
7024,26.164
7025,25.969
7026,25.963
7027,25.989
7028,26.041
7029,25.876
7030,25.953
7031,25.819
7032,25.963
7033,25.902
7034,25.793
7035,25.876
7036,25.767
7037,25.814
7038,25.803
7039,25.731
7040,25.814
7041,25.907
7042,25.953
7043,26.066
7044,26.077
7045,26.169
7046,26.195
7047,26.37
7048,26.355
7049,26.473
7050,26.524
7051,26.698
7052,26.754
7053,26.811
7054,27.01
7055,26.944
7056,27.148
7057,27.24
7058,27.408
7059,27.58
7060,27.697
7061,27.804
7062,28.006
7063,28.213
7064,28.586
7065,28.717
7066,29.013
7067,29.264
7068,29.538
7069,29.583
7070,29.902
7071,29.937
7072,29.927
7073,30.051
7074,30.115
7075,30.135
7076,30.18
7077,30.348
7078,30.507
7079,30.615
7080,30.769
7081,30.778
7082,30.887
7083,30.857
7084,30.828
7085,30.941
7086,31.148
7087,31.162
7088,31.3
7089,31.344
7090,31.403
7091,31.236
7092,31.457
7093,31.295
7094,31.153
7095,31.099
7096,31.29
7097,31.217
7098,31.212
7099,31.295
7100,31.207
7101,31.246
7102,31.379
7103,31.57
7104,31.462
7105,31.599
7106,31.624
7107,31.58
7108,31.477
7109,31.472
7110,31.398
7111,31.511
7112,31.33
7113,31.403
7114,31.624
7115,31.619
7116,31.687
7117,31.702
7118,31.873
7119,31.614
7120,31.653
7121,31.491
7122,31.467
7123,31.423
7124,31.521
7125,31.486
7126,31.442
7127,31.32
7128,31.491
7129,31.374
7130,31.29
7131,31.413
7132,31.266
7133,31.044
7134,31.049
7135,30.941
7136,30.921
7137,30.803
7138,30.783
7139,30.675
7140,30.645
7141,30.611
7142,30.694
7143,30.596
7144,30.447
7145,30.378
7146,30.383
7147,30.343
7148,30.388
7149,30.225
7150,30.259
7151,30.041
7152,29.872
7153,29.772
7154,29.573
7155,29.473
7156,29.403
7157,29.249
7158,29.073
7159,28.762
7160,28.415
7161,28.334
7162,28.072
7163,27.854
7164,27.814
7165,27.585
7166,27.367
7167,27.311
7168,27.112
7169,27.107
7170,26.836
7171,26.979
7172,26.693
7173,26.667
7174,26.514
7175,26.473
7176,26.488
7177,26.442
7178,26.298
7179,26.185
7180,26.164
7181,26.293
7182,26.061
7183,26.159
7184,25.979
7185,26.015
7186,26.051
7187,26.056
7188,25.984
7189,25.824
7190,25.969
7191,25.989
7192,25.958
7193,26.015
7194,25.958
7195,25.757
7196,25.834
7197,25.778
7198,25.891
7199,25.747
7200,25.907
7201,26.01
7202,26.015
7203,26.036
7204,26.092
7205,26.2
7206,26.231
7207,26.334
7208,26.231
7209,26.416
7210,26.58
7211,26.77
7212,26.734
7213,26.77
7214,27.025
7215,27.158
7216,27.097
7217,27.433
7218,27.418
7219,27.616
7220,27.793
7221,28.036
7222,28.077
7223,28.324
7224,28.601
7225,28.777
7226,29.138
7227,29.359
7228,29.772
7229,29.743
7230,30.066
7231,30.185
7232,30.135
7233,30.091
7234,30.299
7235,30.279
7236,30.452
7237,30.63
7238,30.571
7239,30.773
7240,30.759
7241,30.778
7242,30.956
7243,31.04
7244,31.128
7245,31.118
7246,31.158
7247,31.305
7248,31.423
7249,31.349
7250,31.491
7251,31.482
7252,31.325
7253,31.251
7254,31.325
7255,31.285
7256,31.28
7257,31.226
7258,31.231
7259,31.349
7260,31.221
7261,31.418
7262,31.398
7263,31.457
7264,31.565
7265,31.648
7266,31.673
7267,31.653
7268,31.643
7269,31.55
7270,31.393
7271,31.388
7272,31.364
7273,31.388
7274,31.697
7275,31.653
7276,31.878
7277,31.805
7278,31.893
7279,31.873
7280,31.692
7281,31.599
7282,31.457
7283,31.526
7284,31.428
7285,31.491
7286,31.486
7287,31.349
7288,31.575
7289,31.496
7290,31.285
7291,31.374
7292,31.315
7293,31.138
7294,31.079
7295,31.074
7296,30.961
7297,30.907
7298,30.808
7299,30.887
7300,30.793
7301,30.749
7302,30.65
7303,30.66
7304,30.596
7305,30.437
7306,30.378
7307,30.541
7308,30.492
7309,30.403
7310,30.299
7311,30.165
7312,29.991
7313,29.758
7314,29.543
7315,29.618
7316,29.423
7317,29.319
7318,29.249
7319,28.777
7320,28.687
7321,28.511
7322,28.173
7323,28.067
7324,27.824
7325,27.651
7326,27.469
7327,27.255
7328,27.168
7329,27.041
7330,26.969
7331,26.857
7332,26.847
7333,26.621
7334,26.524
7335,26.462
7336,26.406
7337,26.447
7338,26.303
7339,26.272
7340,26.288
7341,26.103
7342,26.277
7343,26.133
7344,26.128
7345,25.963
7346,26.103
7347,26.056
7348,26.0
7349,25.953
7350,25.958
7351,26.025
7352,25.814
7353,25.793
7354,25.84
7355,25.876
7356,25.674
7357,25.917
7358,25.85
7359,25.896
7360,25.891
7361,25.979
7362,26.036
7363,26.097
7364,26.015
7365,26.241
7366,26.236
7367,26.344
7368,26.308
7369,26.319
7370,26.591
7371,26.626
7372,26.811
7373,26.826
7374,27.041
7375,27.107
7376,27.178
7377,27.489
7378,27.489
7379,27.672
7380,27.758
7381,28.057
7382,28.324
7383,28.415
7384,28.787
7385,28.898
7386,29.168
7387,29.513
7388,29.822
7389,30.021
7390,30.14
7391,30.408
7392,30.467
7393,30.442
7394,30.482
7395,30.467
7396,30.566
7397,30.606
7398,30.66
7399,30.911
7400,30.966
7401,31.079
7402,31.079
7403,31.089
7404,31.138
7405,31.074
7406,31.403
7407,31.241
7408,31.629
7409,31.433
7410,31.428
7411,31.457
7412,31.393
7413,31.364
7414,31.212
7415,31.364
7416,31.241
7417,31.325
7418,31.349
7419,31.28
7420,31.457
7421,31.442
7422,31.467
7423,31.467
7424,31.687
7425,31.589
7426,31.805
7427,31.658
7428,31.594
7429,31.575
7430,31.614
7431,31.447
7432,31.354
7433,31.437
7434,31.673
7435,31.81
7436,31.844
7437,31.971
7438,31.902
7439,31.839
7440,31.829
7441,31.682
7442,31.658
7443,31.604
7444,31.54
7445,31.413
7446,31.462
7447,31.364
7448,31.486
7449,31.55
7450,31.467
7451,31.315
7452,31.315
7453,31.305
7454,31.271
7455,31.162
7456,31.005
7457,31.04
7458,30.995
7459,30.995
7460,30.724
7461,30.803
7462,30.764
7463,30.551
7464,30.536
7465,30.477
7466,30.566
7467,30.62
7468,30.561
7469,30.423
7470,30.408
7471,30.165
7472,30.11
7473,30.026
7474,29.882
7475,29.648
7476,29.608
7477,29.518
7478,29.339
7479,29.048
7480,28.682
7481,28.541
7482,28.218
7483,28.062
7484,27.824
7485,27.662
7486,27.413
7487,27.326
7488,27.117
7489,27.046
7490,26.903
7491,26.78
7492,26.606
7493,26.616
7494,26.519
7495,26.488
7496,26.498
7497,26.396
7498,26.411
7499,26.298
7500,26.267
7501,26.154
7502,26.267
7503,26.087
7504,26.103
7505,26.025
7506,25.979
7507,26.046
7508,26.025
7509,25.963
7510,25.886
7511,25.932
7512,25.85
7513,25.984
7514,25.876
7515,25.855
7516,25.886
7517,25.798
7518,25.824
7519,25.927
7520,25.974
7521,26.025
7522,26.036
7523,26.077
7524,26.061
7525,26.257
7526,26.298
7527,26.498
7528,26.457
7529,26.529
7530,26.657
7531,26.678
7532,26.8
7533,26.954
7534,27.102
7535,27.097
7536,27.346
7537,27.453
7538,27.641
7539,27.809
7540,28.047
7541,28.173
7542,28.395
7543,28.747
7544,28.933
7545,29.269
7546,29.508
7547,29.663
7548,29.892
7549,30.215
7550,30.447
7551,30.512
7552,30.472
7553,30.536
7554,30.625
7555,30.714
7556,30.645
7557,30.813
7558,31.059
7559,30.911
7560,31.04
7561,31.079
7562,31.251
7563,31.31
7564,31.393
7565,31.383
7566,31.467
7567,31.472
7568,31.535
7569,31.545
7570,31.535
7571,31.55
7572,31.575
7573,31.457
7574,31.403
7575,31.374
7576,31.369
7577,31.457
7578,31.486
7579,31.383
7580,31.393
7581,31.531
7582,31.56
7583,31.589
7584,31.746
7585,31.687
7586,31.712
7587,31.873
7588,31.687
7589,31.57
7590,31.486
7591,31.447
7592,31.589
7593,31.604
7594,31.677
7595,31.839
7596,31.937
7597,31.917
7598,32.01
7599,31.966
7600,32.01
7601,31.697
7602,31.751
7603,31.814
7604,31.555
7605,31.594
7606,31.633
7607,31.491
7608,31.462
7609,31.604
7610,31.472
7611,31.383
7612,31.418
7613,31.285
7614,31.359
7615,31.02
7616,31.167
7617,31.118
7618,31.138
7619,31.0
7620,30.847
7621,30.897
7622,30.916
7623,30.773
7624,30.68
7625,30.719
7626,30.561
7627,30.838
7628,30.68
7629,30.581
7630,30.571
7631,30.373
7632,30.294
7633,30.096
7634,29.937
7635,29.971
7636,29.698
7637,29.493
7638,29.608
7639,29.309
7640,28.983
7641,28.692
7642,28.385
7643,28.198
7644,27.986
7645,27.753
7646,27.499
7647,27.474
7648,27.224
7649,27.158
7650,26.903
7651,26.969
7652,26.836
7653,26.739
7654,26.606
7655,26.483
7656,26.488
7657,26.462
7658,26.38
7659,26.36
7660,26.298
7661,26.144
7662,26.159
7663,26.103
7664,26.195
7665,26.113
7666,26.097
7667,25.948
7668,26.025
7669,25.886
7670,25.989
7671,26.077
7672,25.989
7673,25.85
7674,25.84
7675,25.845
7676,25.86
7677,25.819
7678,25.845
7679,25.783
7680,26.005
7681,26.108
7682,26.077
7683,26.169
7684,26.133
7685,26.262
7686,26.293
7687,26.39
7688,26.503
7689,26.385
7690,26.57
7691,26.729
7692,26.806
7693,26.964
7694,27.03
7695,27.153
7696,27.285
7697,27.499
7698,27.504
7699,27.799
7700,27.961
7701,28.405
7702,28.486
7703,28.762
7704,29.053
7705,29.349
7706,29.508
7707,29.753
7708,30.13
7709,30.447
7710,30.512
7711,30.665
7712,30.685
7713,30.64
7714,30.759
7715,30.744
7716,30.793
7717,31.025
7718,31.01
7719,31.049
7720,31.138
7721,31.133
7722,31.32
7723,31.374
7724,31.472
7725,31.379
7726,31.408
7727,31.604
7728,31.565
7729,31.526
7730,31.633
7731,31.486
7732,31.604
7733,31.501
7734,31.589
7735,31.369
7736,31.374
7737,31.383
7738,31.516
7739,31.57
7740,31.457
7741,31.599
7742,31.526
7743,31.643
7744,31.619
7745,31.766
7746,31.741
7747,31.795
7748,31.741
7749,31.633
7750,31.555
7751,31.584
7752,31.599
7753,31.741
7754,31.731
7755,31.883
7756,32.005
7757,32.112
7758,32.088
7759,31.971
7760,32.039
7761,31.756
7762,31.648
7763,31.614
7764,31.545
7765,31.619
7766,31.531
7767,31.54
7768,31.609
7769,31.575
7770,31.379
7771,31.457
7772,31.55
7773,31.437
7774,31.393
7775,31.158
7776,31.197
7777,31.094
7778,31.054
7779,30.995
7780,30.941
7781,31.005
7782,30.862
7783,30.867
7784,30.813
7785,30.783
7786,30.69
7787,30.823
7788,30.769
7789,30.675
7790,30.452
7791,30.512
7792,30.388
7793,30.215
7794,30.14
7795,29.942
7796,29.842
7797,29.663
7798,29.568
7799,29.364
7800,28.978
7801,28.702
7802,28.622
7803,28.425
7804,28.183
7805,27.758
7806,27.651
7807,27.469
7808,27.301
7809,27.158
7810,27.025
7811,26.99
7812,26.724
7813,26.601
7814,26.601
7815,26.498
7816,26.493
7817,26.298
7818,26.473
7819,26.231
7820,26.329
7821,26.195
7822,26.108
7823,26.133
7824,26.087
7825,26.072
7826,26.108
7827,26.046
7828,26.025
7829,25.881
7830,25.896
7831,25.871
7832,25.85
7833,25.84
7834,25.938
7835,25.871
7836,25.84
7837,25.742
7838,25.824
7839,25.922
7840,25.984
7841,25.963
7842,26.005
7843,26.051
7844,26.257
7845,26.175
7846,26.303
7847,26.375
7848,26.534
7849,26.585
7850,26.688
7851,26.708
7852,26.806
7853,26.995
7854,27.041
7855,27.26
7856,27.408
7857,27.499
7858,27.778
7859,27.92
7860,28.138
7861,28.425
7862,28.541
7863,28.782
7864,29.093
7865,29.493
7866,29.653
7867,30.061
7868,30.279
7869,30.482
7870,30.65
7871,30.788
7872,30.744
7873,30.842
7874,30.926
7875,31.015
7876,30.99
7877,31.025
7878,31.02
7879,31.217
7880,31.192
7881,31.413
7882,31.393
7883,31.428
7884,31.486
7885,31.614
7886,31.658
7887,31.565
7888,31.673
7889,31.638
7890,31.57
7891,31.531
7892,31.589
7893,31.516
7894,31.511
7895,31.457
7896,31.457
7897,31.604
7898,31.462
7899,31.599
7900,31.516
7901,31.545
7902,31.501
7903,31.638
7904,31.624
7905,31.746
7906,31.77
7907,31.883
7908,31.746
7909,31.638
7910,31.609
7911,31.589
7912,31.624
7913,31.775
7914,31.888
7915,32.073
7916,32.044
7917,32.137
7918,32.024
7919,32.151
7920,32.068
7921,31.761
7922,31.814
7923,31.785
7924,31.526
7925,31.589
7926,31.589
7927,31.56
7928,31.599
7929,31.565
7930,31.526
7931,31.501
7932,31.398
7933,31.393
7934,31.364
7935,31.364
7936,31.256
7937,31.246
7938,31.123
7939,30.976
7940,30.985
7941,30.931
7942,30.872
7943,30.833
7944,30.872
7945,30.788
7946,30.813
7947,30.838
7948,30.842
7949,30.714
7950,30.665
7951,30.531
7952,30.378
7953,30.408
7954,30.135
7955,30.14
7956,29.877
7957,29.723
7958,29.728
7959,29.578
7960,29.249
7961,28.843
7962,28.617
7963,28.324
7964,28.218
7965,27.935
7966,27.57
7967,27.56
7968,27.24
7969,27.224
7970,27.092
7971,26.933
7972,26.739
7973,26.754
7974,26.601
7975,26.56
7976,26.503
7977,26.432
7978,26.442
7979,26.349
7980,26.226
7981,26.128
7982,26.2
7983,26.108
7984,26.087
7985,26.087
7986,26.103
7987,26.108
7988,25.994
7989,25.912
7990,25.855
7991,25.943
7992,25.865
7993,25.809
7994,25.834
7995,25.876
7996,25.814
7997,25.752
7998,25.762
7999,25.742
8000,25.958
8001,26.041
8002,26.087
8003,26.159
8004,26.164
8005,26.262
8006,26.38
8007,26.452
8008,26.467
8009,26.601
8010,26.729
8011,26.785
8012,26.954
8013,26.984
8014,27.178
8015,27.326
8016,27.453
8017,27.616
8018,27.885
8019,28.001
8020,28.198
8021,28.501
8022,28.787
8023,28.918
8024,29.239
8025,29.698
8026,29.852
8027,30.254
8028,30.477
8029,30.764
8030,30.926
8031,30.99
8032,31.049
8033,30.985
8034,31.182
8035,31.153
8036,31.177
8037,31.207
8038,31.246
8039,31.374
8040,31.388
8041,31.408
8042,31.55
8043,31.403
8044,31.619
8045,31.653
8046,31.55
8047,31.56
8048,31.658
8049,31.687
8050,31.751
8051,31.609
8052,31.687
8053,31.599
8054,31.594
8055,31.692
8056,31.575
8057,31.531
8058,31.599
8059,31.702
8060,31.722
8061,31.653
8062,31.726
8063,31.726
8064,31.746
8065,31.878
8066,31.824
8067,31.834
8068,31.81
8069,31.775
8070,31.707
8071,31.54
8072,31.731
8073,31.746
8074,31.961
8075,31.985
8076,32.063
8077,32.19
8078,32.029
8079,32.107
8080,31.917
8081,31.907
8082,31.902
8083,31.897
8084,31.824
8085,31.555
8086,31.55
8087,31.589
8088,31.575
8089,31.624
8090,31.609
8091,31.467
8092,31.428
8093,31.388
8094,31.452
8095,31.418
8096,31.334
8097,31.29
8098,31.236
8099,31.221
8100,31.0
8101,30.99
8102,30.911
8103,31.04
8104,30.911
8105,31.01
8106,31.01
8107,31.074
8108,31.035
8109,30.828
8110,30.704
8111,30.719
8112,30.393
8113,30.393
8114,30.329
8115,30.155
8116,29.986
8117,29.932
8118,29.728
8119,29.618
8120,29.264
8121,29.073
8122,28.742
8123,28.45
8124,28.148
8125,28.047
8126,27.788
8127,27.565
8128,27.402
8129,27.214
8130,27.097
8131,26.99
8132,26.903
8133,26.626
8134,26.652
8135,26.539
8136,26.524
8137,26.39
8138,26.334
8139,26.334
8140,26.231
8141,26.211
8142,26.108
8143,26.164
8144,26.066
8145,26.061
8146,26.072
8147,25.989
8148,25.984
8149,25.989
8150,25.891
8151,25.907
8152,25.793
8153,25.907
8154,25.84
8155,25.814
8156,25.783
8157,25.726
8158,25.736
8159,25.902
8160,26.133
8161,26.02
8162,26.056
8163,26.154
8164,26.267
8165,26.421
8166,26.396
8167,26.503
8168,26.544
8169,26.739
8170,26.806
8171,26.928
8172,26.959
8173,27.056
8174,27.199
8175,27.331
8176,27.489
8177,27.682
8178,27.9
8179,28.203
8180,28.254
8181,28.531
8182,28.818
8183,29.098
8184,29.339
8185,29.733
8186,30.056
8187,30.418
8188,30.709
8189,30.985
8190,31.123
8191,31.128
8192,31.103
8193,31.246
8194,31.246
8195,31.379
8196,31.212
8197,31.325
8198,31.383
8199,31.472
8200,31.418
8201,31.418
8202,31.673
8203,31.516
8204,31.663
8205,31.775
8206,31.731
8207,31.79
8208,31.687
8209,31.722
8210,31.79
8211,31.638
8212,31.741
8213,31.741
8214,31.712
8215,31.604
8216,31.756
8217,31.697
8218,31.697
8219,31.726
8220,31.599
8221,31.766
8222,31.78
8223,31.751
8224,31.79
8225,31.8
8226,31.751
8227,31.829
8228,31.77
8229,31.687
8230,31.819
8231,31.702
8232,31.761
8233,31.951
8234,32.02
8235,32.034
8236,32.141
8237,32.312
8238,32.195
8239,32.166
8240,32.146
8241,31.932
8242,31.917
8243,31.868
8244,31.839
8245,31.648
8246,31.677
8247,31.599
8248,31.575
8249,31.604
8250,31.624
8251,31.55
8252,31.496
8253,31.555
8254,31.609
8255,31.383
8256,31.349
8257,31.393
8258,31.256
8259,31.217
8260,31.177
8261,30.995
8262,31.118
8263,31.0
8264,30.966
8265,31.069
8266,30.98
8267,31.025
8268,31.025
8269,30.971
8270,30.818
8271,30.739
8272,30.68
8273,30.477
8274,30.541
8275,30.274
8276,30.244
8277,30.031
8278,29.937
8279,29.693
8280,29.513
8281,29.229
8282,28.893
8283,28.622
8284,28.345
8285,28.148
8286,27.875
8287,27.535
8288,27.397
8289,27.26
8290,27.189
8291,27.071
8292,26.903
8293,26.847
8294,26.621
8295,26.621
8296,26.498
8297,26.38
8298,26.385
8299,26.298
8300,26.221
8301,26.303
8302,26.211
8303,26.113
8304,26.082
8305,26.149
8306,26.087
8307,26.056
8308,26.0
8309,26.0
8310,25.927
8311,26.0
8312,25.963
8313,25.969
8314,25.829
8315,25.752
8316,25.876
8317,25.886
8318,25.736
8319,25.788
8320,26.015
8321,26.056
8322,26.092
8323,26.2
8324,26.231
8325,26.396
8326,26.329
8327,26.519
8328,26.56
8329,26.591
8330,26.775
8331,26.847
8332,26.984
8333,27.046
8334,27.204
8335,27.413
8336,27.509
8337,27.702
8338,27.956
8339,28.148
8340,28.329
8341,28.541
8342,28.888
8343,29.078
8344,29.583
8345,29.822
8346,30.145
8347,30.442
8348,30.724
8349,31.138
8350,31.177
8351,31.261
8352,31.31
8353,31.271
8354,31.246
8355,31.364
8356,31.276
8357,31.408
8358,31.491
8359,31.437
8360,31.55
8361,31.575
8362,31.702
8363,31.677
8364,31.624
8365,31.629
8366,31.648
8367,31.726
8368,31.79
8369,31.731
8370,31.726
8371,31.805
8372,31.736
8373,31.824
8374,31.717
8375,31.79
8376,31.682
8377,31.883
8378,31.736
8379,31.712
8380,31.722
8381,31.712
8382,31.741
8383,31.638
8384,31.697
8385,31.785
8386,31.604
8387,31.761
8388,31.751
8389,31.668
8390,31.668
8391,31.814
8392,31.79
8393,31.912
8394,31.99
8395,32.015
8396,32.205
8397,32.268
8398,32.326
8399,32.176
8400,32.151
8401,32.176
8402,32.083
8403,32.083
8404,31.854
8405,31.78
8406,31.629
8407,31.668
8408,31.717
8409,31.633
8410,31.731
8411,31.629
8412,31.687
8413,31.624
8414,31.526
8415,31.629
8416,31.545
8417,31.437
8418,31.369
8419,31.158
8420,31.251
8421,31.04
8422,31.123
8423,31.035
8424,30.99
8425,31.113
8426,31.094
8427,31.0
8428,30.98
8429,30.808
8430,30.803
8431,30.68
8432,30.67
8433,30.586
8434,30.635
8435,30.437
8436,30.329
8437,30.2
8438,30.011
8439,29.857
8440,29.518
8441,29.264
8442,29.003
8443,28.632
8444,28.566
8445,28.127
8446,27.915
8447,27.712
8448,27.489
8449,27.413
8450,27.24
8451,27.112
8452,26.857
8453,26.795
8454,26.642
8455,26.626
8456,26.57
8457,26.39
8458,26.457
8459,26.385
8460,26.396
8461,26.293
8462,26.185
8463,26.303
8464,26.087
8465,26.195
8466,26.046
8467,25.994
8468,26.02
8469,26.036
8470,26.03
8471,25.963
8472,25.994
8473,25.834
8474,25.953
8475,25.772
8476,25.912
8477,25.824
8478,25.762
8479,25.788
8480,26.128
8481,26.164
8482,26.123
8483,26.159
8484,26.277
8485,26.195
8486,26.473
8487,26.514
8488,26.503
8489,26.77
8490,26.76
8491,26.995
8492,27.01
8493,27.087
8494,27.311
8495,27.377
8496,27.656
8497,27.88
8498,28.016
8499,28.193
8500,28.465
8501,28.692
8502,28.878
8503,29.403
8504,29.603
8505,29.971
8506,30.264
8507,30.502
8508,30.936
8509,31.167
8510,31.477
8511,31.418
8512,31.531
8513,31.457
8514,31.516
8515,31.477
8516,31.486
8517,31.619
8518,31.58
8519,31.594
8520,31.717
8521,31.584
8522,31.707
8523,31.658
8524,31.521
8525,31.795
8526,31.785
8527,31.756
8528,31.692
8529,31.712
8530,31.79
8531,31.805
8532,31.829
8533,31.775
8534,31.761
8535,31.868
8536,31.726
8537,31.873
8538,31.682
8539,31.844
8540,31.775
8541,31.805
8542,31.868
8543,31.81
8544,31.726
8545,31.785
8546,31.814
8547,31.717
8548,31.761
8549,31.54
8550,31.785
8551,31.702
8552,31.829
8553,31.99
8554,32.078
8555,32.195
8556,32.2
8557,32.283
8558,32.19
8559,32.278
8560,32.171
8561,32.141
8562,32.19
8563,31.99
8564,31.839
8565,31.824
8566,31.751
8567,31.668
8568,31.629
8569,31.79
8570,31.766
8571,31.614
8572,31.619
8573,31.633
8574,31.677
8575,31.535
8576,31.56
8577,31.379
8578,31.374
8579,31.339
8580,31.383
8581,31.138
8582,31.197
8583,31.172
8584,31.128
8585,31.108
8586,30.971
8587,31.158
8588,31.035
8589,30.956
8590,30.872
8591,30.911
8592,30.788
8593,30.694
8594,30.571
8595,30.507
8596,30.324
8597,30.254
8598,30.14
8599,30.041
8600,29.563
8601,29.453
8602,28.968
8603,28.662
8604,28.516
8605,28.289
8606,27.839
8607,27.697
8608,27.54
8609,27.392
8610,27.25
8611,27.097
8612,26.918
8613,26.821
8614,26.642
8615,26.626
8616,26.56
8617,26.591
8618,26.462
8619,26.38
8620,26.298
8621,26.288
8622,26.283
8623,26.303
8624,26.262
8625,26.2
8626,26.185
8627,26.108
8628,26.051
8629,25.958
8630,25.881
8631,26.0
8632,25.902
8633,25.891
8634,25.938
8635,25.824
8636,25.871
8637,25.793
8638,25.834
8639,25.891
8640,26.144
8641,26.139
8642,26.154
8643,26.195
8644,26.247
8645,26.38
8646,26.416
8647,26.406
8648,26.411
8649,26.749
8650,26.811
8651,26.944
8652,27.046
8653,27.107
8654,27.275
8655,27.443
8656,27.59
8657,27.89
8658,28.067
8659,28.228
8660,28.506
8661,28.878
8662,29.108
8663,29.319
8664,29.618
8665,30.051
8666,30.373
8667,30.709
8668,30.892
8669,31.398
8670,31.57
8671,31.609
8672,31.619
8673,31.687
8674,31.736
8675,31.604
8676,31.638
8677,31.673
8678,31.624
8679,31.677
8680,31.668
8681,31.682
8682,31.692
8683,31.858
8684,31.741
8685,31.682
8686,31.775
8687,31.8
8688,31.937
8689,31.893
8690,31.839
8691,31.77
8692,31.805
8693,31.966
8694,31.907
8695,31.858
8696,31.893
8697,31.854
8698,31.902
8699,31.863
8700,31.878
8701,31.785
8702,31.878
8703,31.77
8704,31.79
8705,31.756
8706,31.785
8707,31.741
8708,31.795
8709,31.702
8710,31.736
8711,31.844
8712,31.78
8713,31.951
8714,32.029
8715,32.283
8716,32.195
8717,32.18
8718,32.19
8719,32.258
8720,32.176
8721,32.278
8722,32.292
8723,32.034
8724,31.854
8725,31.951
8726,31.819
8727,31.79
8728,31.741
8729,31.79
8730,31.785
8731,31.692
8732,31.736
8733,31.658
8734,31.731
8735,31.526
8736,31.462
8737,31.511
8738,31.482
8739,31.364
8740,31.285
8741,31.295
8742,31.32
8743,31.202
8744,31.251
8745,31.212
8746,31.236
8747,31.158
8748,30.99
8749,30.961
8750,30.867
8751,30.946
8752,30.783
8753,30.694
8754,30.66
8755,30.611
8756,30.403
8757,30.259
8758,30.135
8759,30.11
8760,29.852
8761,29.548
8762,29.234
8763,28.863
8764,28.556
8765,28.299
8766,27.94
8767,27.717
8768,27.53
8769,27.28
8770,27.214
8771,27.092
8772,26.887
8773,26.826
8774,26.626
8775,26.667
8776,26.647
8777,26.56
8778,26.411
8779,26.329
8780,26.355
8781,26.293
8782,26.329
8783,26.241
8784,26.195
8785,26.185
8786,26.149
8787,26.041
8788,26.077
8789,26.066
8790,26.025
8791,25.896
8792,25.85
8793,25.902
8794,25.84
8795,25.628
8796,25.829
8797,25.736
8798,25.793
8799,25.86
8800,25.948
8801,26.046
8802,26.175
8803,26.257
8804,26.416
8805,26.277
8806,26.529
8807,26.473
8808,26.58
8809,26.76
8810,26.857
8811,26.954
8812,27.087
8813,27.158
8814,27.341
8815,27.357
8816,27.535
8817,27.91
8818,28.102
8819,28.299
8820,28.511
8821,28.813
8822,29.088
8823,29.453
8824,29.673
8825,30.12
8826,30.512
8827,30.803
8828,31.059
8829,31.462
8830,31.766
8831,31.946
8832,31.78
8833,31.79
8834,31.712
8835,31.673
8836,31.624
8837,31.766
8838,31.614
8839,31.883
8840,31.79
8841,31.814
8842,31.741
8843,31.814
8844,31.766
8845,31.717
8846,31.736
8847,31.829
8848,31.78
8849,31.937
8850,31.951
8851,31.873
8852,31.976
8853,31.961
8854,31.883
8855,31.907
8856,31.956
8857,31.961
8858,31.863
8859,31.854
8860,31.873
8861,32.024
8862,31.883
8863,31.751
8864,31.78
8865,31.741
8866,31.756
8867,31.746
8868,31.673
8869,31.702
8870,31.643
8871,31.79
8872,31.785
8873,31.937
8874,31.98
8875,32.18
8876,32.36
8877,32.297
8878,32.317
8879,32.453
8880,32.297
8881,32.341
8882,32.278
8883,32.054
8884,31.99
8885,31.966
8886,31.805
8887,31.829
8888,31.736
8889,31.805
8890,31.8
8891,31.819
8892,31.849
8893,31.648
8894,31.712
8895,31.594
8896,31.624
8897,31.633
8898,31.57
8899,31.477
8900,31.28
8901,31.33
8902,31.167
8903,31.31
8904,31.217
8905,31.408
8906,31.158
8907,31.01
8908,31.044
8909,31.025
8910,31.059
8911,30.788
8912,30.921
8913,30.823
8914,30.764
8915,30.699
8916,30.541
8917,30.398
8918,30.299
8919,30.125
8920,29.857
8921,29.598
8922,29.274
8923,28.858
8924,28.601
8925,28.355
8926,27.92
8927,27.758
8928,27.555
8929,27.408
8930,27.204
8931,27.005
8932,27.02
8933,26.693
8934,26.667
8935,26.683
8936,26.529
8937,26.58
8938,26.488
8939,26.416
8940,26.334
8941,26.308
8942,26.195
8943,26.293
8944,26.123
8945,26.082
8946,26.036
8947,26.041
8948,26.03
8949,25.969
8950,25.943
8951,25.969
8952,25.865
8953,25.922
8954,25.824
8955,25.793
8956,25.876
8957,25.927
8958,25.752
8959,25.824
8960,26.097
8961,26.139
8962,26.241
8963,26.36
8964,26.329
8965,26.365
8966,26.416
8967,26.606
8968,26.56
8969,26.744
8970,26.954
8971,27.015
8972,27.122
8973,27.214
8974,27.301
8975,27.53
8976,27.636
8977,27.875
8978,28.047
8979,28.279
8980,28.702
8981,28.878
8982,29.103
8983,29.593
8984,29.762
8985,30.229
8986,30.428
8987,30.966
8988,31.339
8989,31.619
8990,31.81
8991,31.961
8992,31.917
8993,31.98
8994,31.937
8995,31.941
8996,31.805
8997,31.756
8998,31.741
8999,31.854
9000,31.912
9001,31.692
9002,31.736
9003,31.819
9004,31.726
9005,31.854
9006,31.839
9007,31.834
9008,31.888
9009,31.878
9010,31.946
9011,31.98
9012,31.99
9013,31.956
9014,32.034
9015,31.951
9016,32.059
9017,31.917
9018,32.054
9019,31.902
9020,31.868
9021,31.99
9022,31.849
9023,31.883
9024,31.751
9025,31.653
9026,31.897
9027,31.736
9028,31.751
9029,31.702
9030,31.756
9031,31.795
9032,31.927
9033,32.098
9034,32.088
9035,32.307
9036,32.312
9037,32.288
9038,32.399
9039,32.409
9040,32.453
9041,32.341
9042,32.278
9043,32.127
9044,31.99
9045,31.883
9046,32.049
9047,32.078
9048,31.937
9049,32.078
9050,32.024
9051,31.751
9052,31.873
9053,31.834
9054,31.824
9055,31.614
9056,31.712
9057,31.673
9058,31.604
9059,31.55
9060,31.437
9061,31.325
9062,31.349
9063,31.295
9064,31.285
9065,31.31
9066,31.133
9067,31.182
9068,31.172
9069,31.02
9070,31.099
9071,30.985
9072,31.059
9073,31.02
9074,30.98
9075,30.783
9076,30.665
9077,30.492
9078,30.546
9079,30.324
9080,30.051
9081,29.603
9082,29.284
9083,28.968
9084,28.611
9085,28.37
9086,28.087
9087,27.849
9088,27.499
9089,27.453
9090,27.153
9091,27.092
9092,27.066
9093,26.826
9094,26.713
9095,26.662
9096,26.703
9097,26.509
9098,26.519
9099,26.329
9100,26.355
9101,26.37
9102,26.226
9103,26.195
9104,26.211
9105,26.195
9106,26.123
9107,26.082
9108,26.061
9109,26.0
9110,25.958
9111,25.886
9112,25.932
9113,25.958
9114,25.845
9115,25.912
9116,25.902
9117,25.896
9118,25.824
9119,25.845
9120,26.175
9121,26.133
9122,26.144
9123,26.298
9124,26.344
9125,26.437
9126,26.55
9127,26.534
9128,26.56
9129,26.719
9130,26.944
9131,26.969
9132,27.051
9133,27.178
9134,27.382
9135,27.514
9136,27.677
9137,27.966
9138,28.107
9139,28.531
9140,28.627
9141,28.933
9142,29.214
9143,29.573
9144,29.897
9145,30.274
9146,30.576
9147,31.133
9148,31.374
9149,31.633
9150,31.971
9151,32.068
9152,32.068
9153,32.039
9154,32.044
9155,31.883
9156,31.766
9157,31.912
9158,31.888
9159,31.854
9160,31.922
9161,31.863
9162,31.829
9163,31.8
9164,31.731
9165,31.785
9166,31.839
9167,31.785
9168,31.858
9169,31.888
9170,31.814
9171,31.976
9172,31.941
9173,31.956
9174,32.024
9175,32.01
9176,32.0
9177,32.059
9178,31.937
9179,32.02
9180,31.912
9181,31.912
9182,31.932
9183,31.819
9184,31.897
9185,31.77
9186,31.81
9187,31.897
9188,31.824
9189,31.775
9190,31.702
9191,31.849
9192,32.078
9193,32.083
9194,32.258
9195,32.273
9196,32.341
9197,32.336
9198,32.438
9199,32.497
9200,32.681
9201,32.599
9202,32.268
9203,32.18
9204,32.176
9205,32.127
9206,32.102
9207,32.049
9208,32.117
9209,32.01
9210,31.941
9211,31.849
9212,31.917
9213,31.712
9214,31.795
9215,31.751
9216,31.756
9217,31.77
9218,31.526
9219,31.604
9220,31.506
9221,31.379
9222,31.511
9223,31.521
9224,31.32
9225,31.261
9226,31.148
9227,31.172
9228,31.148
9229,31.103
9230,31.094
9231,30.98
9232,31.084
9233,30.985
9234,30.926
9235,30.941
9236,30.778
9237,30.704
9238,30.675
9239,30.462
9240,30.125
9241,29.842
9242,29.294
9243,29.018
9244,28.702
9245,28.42
9246,27.945
9247,27.773
9248,27.641
9249,27.357
9250,27.352
9251,27.138
9252,26.847
9253,26.852
9254,26.831
9255,26.688
9256,26.657
9257,26.616
9258,26.38
9259,26.355
9260,26.385
9261,26.262
9262,26.411
9263,26.262
9264,26.025
9265,26.159
9266,26.046
9267,26.03
9268,26.118
9269,26.036
9270,25.865
9271,26.0
9272,25.938
9273,25.891
9274,25.958
9275,25.871
9276,25.871
9277,25.902
9278,25.783
9279,25.742
9280,26.149
9281,26.236
9282,26.128
9283,26.267
9284,26.473
9285,26.539
9286,26.467
9287,26.467
9288,26.698
9289,26.831
9290,26.872
9291,27.051
9292,27.245
9293,27.194
9294,27.29
9295,27.438
9296,27.814
9297,28.001
9298,28.036
9299,28.339
9300,28.737
9301,28.943
9302,29.393
9303,29.777
9304,29.966
9305,30.324
9306,30.581
9307,31.069
9308,31.383
9309,31.722
9310,32.0
9311,31.99
9312,31.976
9313,32.122
9314,32.078
9315,31.976
9316,32.029
9317,31.907
9318,31.839
9319,31.829
9320,31.893
9321,31.883
9322,31.722
9323,31.834
9324,31.805
9325,31.775
9326,31.79
9327,31.731
9328,31.917
9329,31.995
9330,31.99
9331,32.059
9332,32.02
9333,31.995
9334,32.098
9335,32.068
9336,32.02
9337,32.117
9338,31.985
9339,31.985
9340,31.99
9341,31.971
9342,31.932
9343,31.917
9344,31.971
9345,31.79
9346,31.795
9347,31.834
9348,31.824
9349,31.668
9350,31.863
9351,31.946
9352,32.01
9353,32.156
9354,32.253
9355,32.341
9356,32.297
9357,32.443
9358,32.433
9359,32.628
9360,32.72
9361,32.472
9362,32.326
9363,32.19
9364,32.234
9365,32.156
9366,32.195
9367,32.205
9368,32.185
9369,32.112
9370,31.971
9371,31.99
9372,32.063
9373,31.849
9374,31.795
9375,31.8
9376,31.863
9377,31.814
9378,31.722
9379,31.604
9380,31.423
9381,31.447
9382,31.511
9383,31.442
9384,31.393
9385,31.374
9386,31.207
9387,31.241
9388,31.108
9389,31.108
9390,31.192
9391,31.099
9392,31.069
9393,31.084
9394,30.976
9395,31.01
9396,30.931
9397,30.813
9398,30.566
9399,30.502
9400,30.22
9401,29.867
9402,29.294
9403,29.083
9404,28.797
9405,28.339
9406,27.961
9407,28.026
9408,27.621
9409,27.55
9410,27.402
9411,27.081
9412,26.898
9413,26.882
9414,26.698
9415,26.693
9416,26.693
9417,26.519
9418,26.503
9419,26.416
9420,26.262
9421,26.267
9422,26.236
9423,26.154
9424,26.226
9425,26.164
9426,26.036
9427,26.025
9428,26.041
9429,26.082
9430,25.994
9431,25.865
9432,25.834
9433,25.855
9434,25.963
9435,25.865
9436,25.726
9437,25.871
9438,25.772
9439,25.736
9440,26.128
9441,26.231
9442,26.149
9443,26.211
9444,26.509
9445,26.437
9446,26.462
9447,26.591
9448,26.606
9449,26.795
9450,26.887
9451,27.036
9452,27.005
9453,27.168
9454,27.362
9455,27.662
9456,27.682
9457,28.001
9458,28.269
9459,28.465
9460,28.787
9461,29.103
9462,29.378
9463,29.688
9464,29.927
9465,30.403
9466,30.788
9467,31.261
9468,31.555
9469,31.834
9470,32.034
9471,32.083
9472,32.122
9473,32.127
9474,32.171
9475,32.078
9476,31.995
9477,31.932
9478,31.873
9479,31.883
9480,31.917
9481,31.839
9482,31.907
9483,31.77
9484,31.839
9485,31.824
9486,31.883
9487,31.751
9488,31.819
9489,31.854
9490,31.907
9491,32.034
9492,32.024
9493,32.054
9494,32.205
9495,32.01
9496,32.151
9497,32.107
9498,31.99
9499,31.98
9500,31.941
9501,32.063
9502,32.122
9503,31.897
9504,31.951
9505,31.976
9506,31.795
9507,31.883
9508,31.775
9509,31.8
9510,31.946
9511,31.795
9512,31.932
9513,32.102
9514,32.229
9515,32.39
9516,32.424
9517,32.331
9518,32.472
9519,32.652
9520,32.608
9521,32.56
9522,32.36
9523,32.224
9524,32.36
9525,32.224
9526,32.273
9527,32.239
9528,32.273
9529,32.21
9530,32.034
9531,31.976
9532,31.985
9533,31.844
9534,31.937
9535,31.819
9536,31.927
9537,31.897
9538,31.668
9539,31.594
9540,31.57
9541,31.565
9542,31.594
9543,31.614
9544,31.506
9545,31.398
9546,31.153
9547,31.226
9548,31.182
9549,31.212
9550,31.266
9551,31.172
9552,31.221
9553,31.192
9554,31.162
9555,31.143
9556,31.089
9557,31.128
9558,30.788
9559,30.601
9560,30.185
9561,29.842
9562,29.533
9563,29.178
9564,28.702
9565,28.4
9566,27.996
9567,27.869
9568,27.662
9569,27.545
9570,27.245
9571,27.143
9572,26.913
9573,26.857
9574,26.749
9575,26.647
9576,26.621
9577,26.514
9578,26.421
9579,26.324
9580,26.365
9581,26.221
9582,26.247
9583,26.262
9584,26.139
9585,26.139
9586,26.144
9587,26.169
9588,26.097
9589,26.01
9590,25.907
9591,25.902
9592,25.855
9593,25.943
9594,25.871
9595,25.767
9596,25.907
9597,25.814
9598,25.809
9599,25.845
9600,26.015
9601,26.144
9602,26.252
9603,26.308
9604,26.262
9605,26.375
9606,26.401
9607,26.539
9608,26.632
9609,26.749
9610,26.918
9611,27.01
9612,27.102
9613,27.204
9614,27.474
9615,27.463
9616,27.839
9617,28.047
9618,28.218
9619,28.42
9620,28.802
9621,28.983
9622,29.403
9623,29.658
9624,29.932
9625,30.462
9626,30.852
9627,31.295
9628,31.619
9629,31.888
9630,32.244
9631,32.224
9632,32.249
9633,32.161
9634,32.146
9635,32.146
9636,32.127
9637,31.971
9638,31.888
9639,31.912
9640,31.897
9641,31.907
9642,31.883
9643,31.883
9644,31.897
9645,31.77
9646,31.858
9647,31.971
9648,31.8
9649,31.941
9650,32.005
9651,32.063
9652,32.02
9653,32.088
9654,32.137
9655,32.141
9656,32.127
9657,32.093
9658,32.049
9659,32.029
9660,32.088
9661,32.068
9662,32.059
9663,32.054
9664,31.99
9665,31.897
9666,31.795
9667,31.961
9668,31.897
9669,31.917
9670,31.927
9671,31.8
9672,32.049
9673,32.258
9674,32.429
9675,32.365
9676,32.511
9677,32.531
9678,32.492
9679,32.545
9680,32.778
9681,32.754
9682,32.458
9683,32.511
9684,32.458
9685,32.268
9686,32.438
9687,32.249
9688,32.258
9689,32.2
9690,32.185
9691,32.01
9692,32.015
9693,31.858
9694,32.039
9695,31.897
9696,32.01
9697,31.897
9698,31.775
9699,31.736
9700,31.668
9701,31.702
9702,31.697
9703,31.692
9704,31.521
9705,31.403
9706,31.251
9707,31.177
9708,31.187
9709,31.177
9710,31.148
9711,31.187
9712,31.236
9713,31.354
9714,31.217
9715,31.246
9716,31.158
9717,31.148
9718,30.931
9719,30.724
9720,30.433
9721,30.12
9722,29.488
9723,29.148
9724,28.818
9725,28.496
9726,28.178
9727,28.016
9728,27.778
9729,27.397
9730,27.229
9731,27.26
9732,27.102
9733,26.877
9734,26.795
9735,26.79
9736,26.642
9737,26.642
9738,26.478
9739,26.457
9740,26.38
9741,26.339
9742,26.329
9743,26.18
9744,26.257
9745,26.169
9746,26.149
9747,26.041
9748,26.015
9749,26.005
9750,26.01
9751,25.876
9752,25.912
9753,26.0
9754,25.927
9755,25.798
9756,25.953
9757,25.824
9758,25.752
9759,25.819
9760,25.969
9761,26.118
9762,26.164
9763,26.421
9764,26.36
9765,26.457
9766,26.56
9767,26.601
9768,26.683
9769,26.847
9770,26.933
9771,27.107
9772,27.112
9773,27.28
9774,27.469
9775,27.611
9776,27.758
9777,27.854
9778,28.234
9779,28.632
9780,28.828
9781,29.083
9782,29.398
9783,29.743
9784,30.091
9785,30.581
9786,30.862
9787,31.256
9788,31.717
9789,32.024
9790,32.234
9791,32.185
9792,32.292
9793,32.117
9794,32.083
9795,32.122
9796,32.088
9797,31.971
9798,31.917
9799,31.912
9800,31.927
9801,31.98
9802,31.917
9803,31.883
9804,31.766
9805,31.795
9806,31.854
9807,31.956
9808,31.907
9809,32.039
9810,32.059
9811,31.976
9812,32.083
9813,32.083
9814,32.185
9815,32.176
9816,32.21
9817,32.102
9818,32.117
9819,32.068
9820,32.044
9821,32.024
9822,32.0
9823,32.059
9824,32.0
9825,31.863
9826,31.956
9827,31.917
9828,32.02
9829,31.883
9830,31.917
9831,32.073
9832,32.049
9833,32.249
9834,32.443
9835,32.395
9836,32.419
9837,32.584
9838,32.608
9839,32.569
9840,32.7
9841,32.623
9842,32.472
9843,32.36
9844,32.429
9845,32.409
9846,32.521
9847,32.521
9848,32.419
9849,32.234
9850,32.088
9851,32.156
9852,31.956
9853,31.995
9854,32.02
9855,31.946
9856,31.985
9857,31.956
9858,31.844
9859,31.81
9860,31.717
9861,31.707
9862,31.594
9863,31.741
9864,31.648
9865,31.403
9866,31.383
9867,31.207
9868,31.202
9869,31.241
9870,31.271
9871,31.241
9872,31.276
9873,31.28
9874,31.305
9875,31.423
9876,31.305
9877,31.158
9878,31.069
9879,30.838
9880,30.576
9881,30.155
9882,29.693
9883,29.183
9884,28.838
9885,28.501
9886,28.067
9887,27.976
9888,27.733
9889,27.509
9890,27.408
9891,27.163
9892,27.158
9893,26.893
9894,26.8
9895,26.852
9896,26.683
9897,26.637
9898,26.303
9899,26.56
9900,26.437
9901,26.36
9902,26.262
9903,26.144
9904,26.241
9905,26.087
9906,26.123
9907,26.139
9908,26.072
9909,25.912
9910,25.891
9911,26.015
9912,25.881
9913,26.01
9914,25.871
9915,25.819
9916,25.943
9917,25.793
9918,25.86
9919,25.736
9920,26.056
9921,26.175
9922,26.185
9923,26.319
9924,26.396
9925,26.437
9926,26.483
9927,26.647
9928,26.657
9929,26.77
9930,26.893
9931,27.051
9932,27.183
9933,27.311
9934,27.438
9935,27.479
9936,27.707
9937,27.976
9938,28.168
9939,28.521
9940,28.802
9941,29.098
9942,29.408
9943,29.693
9944,30.18
9945,30.472
9946,31.03
9947,31.32
9948,31.707
9949,31.946
9950,32.297
9951,32.356
9952,32.273
9953,32.288
9954,32.107
9955,32.02
9956,31.912
9957,31.893
9958,31.834
9959,31.834
9960,31.941
9961,31.946
9962,31.927
9963,31.941
9964,31.829
9965,31.917
9966,31.824
9967,31.819
9968,31.873
9969,31.917
9970,32.015
9971,32.068
9972,32.214
9973,32.059
9974,32.19
9975,32.146
9976,32.253
9977,32.156
9978,32.039
9979,32.122
9980,32.083
9981,32.122
9982,32.166
9983,31.966
9984,32.102
9985,32.015
9986,31.922
9987,31.99
9988,32.029
9989,31.956
9990,32.0
9991,32.078
9992,32.151
9993,32.176
9994,32.395
9995,32.472
9996,32.458
9997,32.608
9998,32.613
9999,32.589
10000,32.696
10001,32.647
10002,32.734
10003,32.511
10004,32.686
10005,32.463
10006,32.545
10007,32.404
10008,32.467
10009,32.249
10010,32.112
10011,32.122
10012,32.01
10013,32.151
10014,31.902
10015,31.99
10016,32.112
10017,31.946
10018,31.917
10019,31.766
10020,31.766
10021,31.785
10022,31.868
10023,31.717
10024,31.511
10025,31.423
10026,31.271
10027,31.388
10028,31.28
10029,31.162
10030,31.29
10031,31.447
10032,31.428
10033,31.325
10034,31.442
10035,31.501
10036,31.418
10037,31.246
10038,31.113
10039,31.059
10040,30.615
10041,30.17
10042,29.498
10043,29.118
10044,28.672
10045,28.375
10046,28.021
10047,27.915
10048,27.728
10049,27.596
10050,27.27
10051,27.306
10052,27.204
10053,26.995
10054,26.847
10055,26.673
10056,26.693
10057,26.632
10058,26.473
10059,26.334
10060,26.349
10061,26.272
10062,26.236
10063,26.2
10064,26.175
10065,26.077
10066,26.103
10067,26.061
10068,26.097
10069,25.989
10070,26.072
10071,25.979
10072,25.948
10073,25.984
10074,25.958
10075,25.757
10076,25.881
10077,25.747
10078,25.834
10079,25.788
10080,26.185
10081,26.113
10082,26.36
10083,26.319
10084,26.375
10085,26.524
10086,26.488
10087,26.703
10088,26.693
10089,26.847
10090,26.887
10091,26.984
10092,27.173
10093,27.448
10094,27.474
10095,27.479
10096,27.849
10097,28.021
10098,28.365
10099,28.642
10100,28.762
10101,29.048
10102,29.448
10103,29.807
10104,30.071
10105,30.714
10106,31.094
10107,31.447
10108,31.712
10109,32.098
10110,32.351
10111,32.395
10112,32.365
10113,32.302
10114,32.146
10115,31.946
10116,31.98
10117,31.868
10118,31.795
10119,31.956
10120,31.873
10121,31.966
10122,31.941
10123,31.985
10124,31.834
10125,31.844
10126,31.937
10127,32.005
10128,31.912
10129,32.049
10130,32.029
10131,32.151
10132,32.176
10133,32.117
10134,32.093
10135,32.141
10136,32.21
10137,32.244
10138,32.176
10139,32.18
10140,32.073
10141,32.156
10142,32.151
10143,32.054
10144,32.039
10145,32.059
10146,32.044
10147,32.073
10148,32.049
10149,32.0
10150,31.927
10151,32.317
10152,32.219
10153,32.229
10154,32.511
10155,32.569
10156,32.594
10157,32.686
10158,32.642
10159,32.506
10160,32.613
10161,32.749
10162,32.55
10163,32.671
10164,32.686
10165,32.574
10166,32.584
10167,32.56
10168,32.501
10169,32.214
10170,32.19
10171,32.044
10172,31.985
10173,32.098
10174,32.083
10175,32.102
10176,32.171
10177,31.937
10178,31.951
10179,32.068
10180,31.902
10181,31.897
10182,31.946
10183,31.751
10184,31.501
10185,31.482
10186,31.418
10187,31.393
10188,31.231
10189,31.207
10190,31.212
10191,31.423
10192,31.452
10193,31.33
10194,31.467
10195,31.393
10196,31.29
10197,31.217
10198,31.349
10199,31.04
10200,30.645
10201,30.145
10202,29.578
10203,29.028
10204,28.792
10205,28.38
10206,28.163
10207,27.875
10208,27.621
10209,27.54
10210,27.423
10211,27.219
10212,27.127
10213,26.969
10214,26.724
10215,26.79
10216,26.642
10217,26.678
10218,26.493
10219,26.544
10220,26.442
10221,26.365
10222,26.293
10223,26.2
10224,26.226
10225,26.267
10226,26.118
10227,26.277
10228,26.123
10229,25.994
10230,25.974
10231,26.0
10232,25.979
10233,25.969
10234,25.917
10235,26.0
10236,25.917
10237,25.871
10238,25.736
10239,25.922
10240,26.247
10241,26.236
10242,26.308
10243,26.303
10244,26.355
10245,26.406
10246,26.56
10247,26.58
10248,26.662
10249,26.857
10250,26.821
10251,27.056
10252,27.117
10253,27.367
10254,27.397
10255,27.601
10256,27.743
10257,27.986
10258,28.309
10259,28.546
10260,28.782
10261,29.003
10262,29.453
10263,29.842
10264,30.205
10265,30.685
10266,31.03
10267,31.413
10268,31.766
10269,32.054
10270,32.292
10271,32.331
10272,32.341
10273,32.122
10274,32.122
10275,32.02
10276,31.854
10277,31.834
10278,31.873
10279,31.775
10280,31.897
10281,31.907
10282,31.995
10283,32.039
10284,31.961
10285,31.805
10286,31.814
10287,31.854
10288,32.02
10289,31.985
10290,32.01
10291,32.073
10292,32.0
10293,32.083
10294,32.195
10295,32.214
10296,32.292
10297,32.249
10298,32.171
10299,32.161
10300,32.122
10301,32.171
10302,32.098
10303,32.137
10304,32.039
10305,32.21
10306,32.039
10307,32.039
10308,32.059
10309,32.02
10310,32.093
10311,32.302
10312,32.443
10313,32.375
10314,32.599
10315,32.691
10316,32.603
10317,32.569
10318,32.671
10319,32.628
10320,32.618
10321,32.71
10322,32.662
10323,32.734
10324,32.676
10325,32.705
10326,32.705
10327,32.487
10328,32.336
10329,32.429
10330,32.214
10331,32.107
10332,32.073
10333,32.117
10334,32.122
10335,32.098
10336,32.141
10337,32.02
10338,32.054
10339,32.02
10340,31.956
10341,31.956
10342,31.927
10343,31.795
10344,31.54
10345,31.55
10346,31.447
10347,31.433
10348,31.344
10349,31.325
10350,31.31
10351,31.3
10352,31.462
10353,31.526
10354,31.452
10355,31.437
10356,31.437
10357,31.388
10358,31.457
10359,31.054
10360,30.68
10361,30.145
10362,29.543
10363,29.018
10364,28.667
10365,28.4
10366,28.117
10367,27.89
10368,27.656
10369,27.469
10370,27.352
10371,27.311
10372,27.143
10373,26.954
10374,26.821
10375,26.749
10376,26.703
10377,26.616
10378,26.452
10379,26.447
10380,26.344
10381,26.519
10382,26.144
10383,26.241
10384,26.205
10385,26.159
10386,26.175
10387,26.113
10388,26.18
10389,26.128
10390,25.943
10391,25.932
10392,25.938
10393,25.958
10394,25.922
10395,25.927
10396,25.891
10397,25.762
10398,25.896
10399,25.865
10400,26.133
10401,26.221
10402,26.205
10403,26.293
10404,26.36
10405,26.462
10406,26.524
10407,26.58
10408,26.719
10409,26.826
10410,26.847
10411,27.061
10412,27.275
10413,27.326
10414,27.418
10415,27.641
10416,27.763
10417,28.254
10418,28.279
10419,28.476
10420,28.687
10421,29.013
10422,29.428
10423,29.753
10424,30.12
10425,30.719
10426,31.04
10427,31.334
10428,31.697
10429,32.054
10430,32.21
10431,32.239
10432,32.414
10433,32.229
10434,32.054
10435,31.971
10436,31.922
10437,31.717
10438,31.79
10439,31.668
10440,31.731
10441,31.834
10442,31.922
10443,31.941
10444,31.897
10445,31.805
10446,31.907
10447,31.873
10448,31.941
10449,32.029
10450,32.049
10451,32.034
10452,32.059
10453,31.961
10454,32.122
10455,32.093
10456,32.21
10457,32.137
10458,32.146
10459,32.176
10460,32.093
10461,32.185
10462,32.117
10463,32.161
10464,32.102
10465,32.117
10466,32.156
10467,32.239
10468,32.093
10469,32.127
10470,32.185
10471,32.268
10472,32.322
10473,32.409
10474,32.574
10475,32.628
10476,32.574
10477,32.676
10478,32.749
10479,32.642
10480,32.676
10481,32.696
10482,32.666
10483,32.521
10484,32.671
10485,32.623
10486,32.569
10487,32.521
10488,32.477
10489,32.288
10490,32.2
10491,32.112
10492,32.02
10493,32.205
10494,32.185
10495,32.088
10496,32.127
10497,32.015
10498,32.156
10499,32.073
10500,31.995
10501,31.922
10502,31.941
10503,31.692
10504,31.599
10505,31.496
10506,31.354
10507,31.393
10508,31.246
10509,31.398
10510,31.388
10511,31.383
10512,31.433
10513,31.472
10514,31.374
10515,31.467
10516,31.423
10517,31.506
10518,31.408
10519,31.084
10520,30.596
10521,29.897
10522,29.393
10523,28.933
10524,28.622
10525,28.375
10526,27.961
10527,27.875
10528,27.722
10529,27.555
10530,27.311
10531,27.26
10532,27.056
10533,26.959
10534,26.754
10535,26.678
10536,26.596
10537,26.529
10538,26.565
10539,26.483
10540,26.344
10541,26.344
10542,26.283
10543,26.159
10544,26.118
10545,26.319
10546,26.19
10547,26.133
10548,26.097
10549,26.03
10550,25.953
10551,25.917
10552,25.943
10553,25.963
10554,25.809
10555,25.881
10556,25.834
10557,25.721
10558,25.876
10559,25.814
10560,26.092
10561,26.241
10562,26.277
10563,26.298
10564,26.442
10565,26.462
10566,26.503
10567,26.616
10568,26.575
10569,26.811
10570,27.056
10571,27.01
10572,27.148
10573,27.285
10574,27.402
10575,27.58
10576,27.824
10577,28.138
10578,28.43
10579,28.762
10580,28.717
10581,29.008
10582,29.433
10583,29.802
10584,30.19
10585,30.665
10586,31.059
10587,31.428
10588,31.79
10589,31.937
10590,32.219
10591,32.214
10592,32.375
10593,32.171
10594,32.088
10595,31.907
10596,31.917
10597,31.741
10598,31.722
10599,31.692
10600,31.682
10601,31.912
10602,31.917
10603,31.922
10604,31.966
10605,31.951
10606,31.956
10607,31.922
10608,31.951
10609,32.02
10610,32.015
10611,31.941
10612,31.99
10613,32.083
10614,32.02
10615,32.146
10616,32.112
10617,32.2
10618,32.166
10619,32.073
10620,32.156
10621,32.219
10622,32.185
10623,32.127
10624,32.083
10625,32.068
10626,32.2
10627,32.424
10628,32.258
10629,32.176
10630,32.273
10631,32.414
10632,32.467
10633,32.531
10634,32.633
10635,32.686
10636,32.647
10637,32.7
10638,32.725
10639,32.608
10640,32.594
10641,32.739
10642,32.773
10643,32.705
10644,32.676
10645,32.657
10646,32.671
10647,32.506
10648,32.482
10649,32.399
10650,32.137
10651,32.112
10652,32.112
10653,32.2
10654,32.151
10655,32.039
10656,32.234
10657,31.976
10658,32.161
10659,32.078
10660,32.078
10661,32.034
10662,31.917
10663,31.722
10664,31.555
10665,31.609
10666,31.423
10667,31.413
10668,31.418
10669,31.403
10670,31.359
10671,31.379
10672,31.447
10673,31.472
10674,31.472
10675,31.418
10676,31.604
10677,31.555
10678,31.261
10679,31.099
10680,30.66
10681,29.902
10682,29.443
10683,28.998
10684,28.652
10685,28.365
10686,28.133
10687,27.966
10688,27.814
10689,27.59
10690,27.24
10691,27.132
10692,26.974
10693,26.959
10694,26.775
10695,26.734
10696,26.739
10697,26.611
10698,26.488
10699,26.426
10700,26.503
10701,26.319
10702,26.257
10703,26.216
10704,26.128
10705,26.103
10706,26.082
10707,26.128
10708,25.979
10709,25.984
10710,25.963
10711,25.881
10712,25.932
10713,25.902
10714,25.948
10715,25.829
10716,25.876
10717,25.881
10718,25.793
10719,25.829
10720,26.082
10721,26.257
10722,26.226
10723,26.247
10724,26.267
10725,26.396
10726,26.591
10727,26.616
10728,26.688
10729,26.847
10730,27.061
10731,27.051
10732,27.27
10733,27.321
10734,27.575
10735,27.56
10736,27.844
10737,28.067
10738,28.345
10739,28.591
10740,28.802
10741,29.048
10742,29.369
10743,29.638
10744,30.066
10745,30.645
10746,30.98
10747,31.325
10748,31.77
10749,31.946
10750,32.083
10751,32.21
10752,32.112
10753,32.044
10754,31.971
10755,31.893
10756,31.971
10757,31.775
10758,31.78
10759,31.731
10760,31.673
10761,31.697
10762,31.844
10763,31.917
10764,31.956
10765,31.932
10766,31.834
10767,31.971
10768,31.961
10769,31.985
10770,32.02
10771,31.99
10772,32.024
10773,32.015
10774,32.137
10775,32.107
10776,32.244
10777,32.278
10778,32.176
10779,32.19
10780,32.151
10781,32.268
10782,32.205
10783,32.176
10784,32.117
10785,32.102
10786,32.156
10787,32.38
10788,32.307
10789,32.395
10790,32.336
10791,32.39
10792,32.453
10793,32.574
10794,32.666
10795,32.594
10796,32.628
10797,32.759
10798,32.749
10799,32.744
10800,32.734
10801,32.739
10802,32.928
10803,32.71
10804,32.662
10805,32.603
10806,32.623
10807,32.448
10808,32.463
10809,32.341
10810,32.112
10811,32.19
10812,32.088
10813,32.18
10814,32.005
10815,31.888
10816,32.137
10817,32.0
10818,32.117
10819,32.102
10820,32.02
10821,31.897
10822,31.922
10823,31.766
10824,31.648
10825,31.555
10826,31.393
10827,31.467
10828,31.369
10829,31.398
10830,31.388
10831,31.437
10832,31.393
10833,31.334
10834,31.467
10835,31.423
10836,31.486
10837,31.462
10838,31.276
10839,31.02
10840,30.408
10841,29.942
10842,29.438
10843,28.873
10844,28.581
10845,28.405
10846,28.127
10847,27.92
10848,27.728
10849,27.509
10850,27.301
10851,27.346
10852,27.204
10853,26.847
10854,26.816
10855,26.729
10856,26.678
10857,26.509
10858,26.509
10859,26.509
10860,26.503
10861,26.355
10862,26.231
10863,26.39
10864,26.288
10865,26.139
10866,26.082
10867,25.917
10868,26.061
10869,25.963
10870,25.871
10871,25.953
10872,26.0
10873,25.938
10874,25.969
10875,25.809
10876,25.871
10877,25.803
10878,25.855
10879,25.767
10880,26.216
10881,26.154
10882,26.257
10883,26.277
10884,26.452
10885,26.462
10886,26.632
10887,26.606
10888,26.8
10889,26.78
10890,26.857
10891,27.107
10892,27.092
10893,27.275
10894,27.58
10895,27.702
10896,27.935
10897,28.042
10898,28.254
10899,28.551
10900,28.782
10901,29.053
10902,29.448
10903,29.643
10904,30.066
10905,30.561
10906,30.892
10907,31.271
10908,31.643
10909,31.907
10910,32.029
10911,31.976
10912,31.961
10913,31.985
10914,31.863
10915,31.863
10916,31.893
10917,31.81
10918,31.717
10919,31.77
10920,31.677
10921,31.702
10922,31.893
10923,31.863
10924,31.907
10925,32.044
10926,32.049
10927,31.917
10928,32.029
10929,32.039
10930,32.146
10931,32.034
10932,32.063
10933,31.995
10934,32.156
10935,32.063
10936,32.141
10937,32.117
10938,32.166
10939,32.146
10940,32.161
10941,32.258
10942,32.195
10943,32.219
10944,32.146
10945,32.141
10946,32.161
10947,32.346
10948,32.341
10949,32.385
10950,32.297
10951,32.56
10952,32.599
10953,32.652
10954,32.686
10955,32.623
10956,32.773
10957,32.763
10958,32.725
10959,32.7
10960,32.783
10961,32.836
10962,32.831
10963,32.681
10964,32.633
10965,32.55
10966,32.584
10967,32.618
10968,32.453
10969,32.326
10970,32.141
10971,32.137
10972,32.278
10973,32.117
10974,31.971
10975,32.044
10976,32.117
10977,32.185
10978,32.21
10979,32.161
10980,32.059
10981,31.785
10982,31.858
10983,31.599
10984,31.624
10985,31.638
10986,31.604
10987,31.599
10988,31.393
10989,31.58
10990,31.418
10991,31.452
10992,31.354
10993,31.374
10994,31.496
10995,31.452
10996,31.447
10997,31.486
10998,31.379
10999,31.069
11000,30.447
11001,29.857
11002,29.224
11003,29.018
11004,28.617
11005,28.254
11006,28.097
11007,27.956
11008,27.702
11009,27.438
11010,27.255
11011,27.26
11012,27.127
11013,26.908
11014,26.898
11015,26.739
11016,26.693
11017,26.524
11018,26.519
11019,26.303
11020,26.339
11021,26.226
11022,26.344
11023,26.144
11024,26.344
11025,26.139
11026,26.051
11027,26.108
11028,26.108
11029,25.969
11030,25.969
11031,25.912
11032,25.917
11033,26.015
11034,25.948
11035,25.896
11036,25.84
11037,25.834
11038,25.855
11039,25.834
11040,26.113
11041,26.205
11042,26.262
11043,26.267
11044,26.231
11045,26.488
11046,26.621
11047,26.77
11048,26.749
11049,26.862
11050,27.071
11051,27.005
11052,27.27
11053,27.321
11054,27.509
11055,27.453
11056,27.89
11057,28.062
11058,28.299
11059,28.471
11060,28.747
11061,28.978
11062,29.473
11063,29.748
11064,30.041
11065,30.428
11066,30.966
11067,31.276
11068,31.594
11069,31.883
11070,31.971
11071,32.102
11072,32.049
11073,32.0
11074,31.966
11075,31.858
11076,31.731
11077,31.805
11078,31.746
11079,31.707
11080,31.663
11081,31.697
11082,31.692
11083,31.956
11084,31.937
11085,31.917
11086,32.02
11087,31.971
11088,32.161
11089,32.029
11090,32.073
11091,32.059
11092,32.01
11093,31.995
11094,32.146
11095,32.029
11096,32.146
11097,32.141
11098,32.141
11099,32.268
11100,32.2
11101,32.297
11102,32.224
11103,32.161
11104,32.137
11105,32.161
11106,32.297
11107,32.244
11108,32.409
11109,32.317
11110,32.346
11111,32.521
11112,32.584
11113,32.681
11114,32.749
11115,32.7
11116,32.696
11117,32.739
11118,32.744
11119,32.705
11120,32.846
11121,32.841
11122,32.904
11123,32.71
11124,32.579
11125,32.579
11126,32.686
11127,32.55
11128,32.662
11129,32.429
11130,32.161
11131,32.151
11132,32.166
11133,31.932
11134,31.897
11135,31.912
11136,32.132
11137,32.146
11138,32.2
11139,32.258
11140,32.039
11141,31.785
11142,31.834
11143,31.785
11144,31.805
11145,31.79
11146,31.604
11147,31.584
11148,31.633
11149,31.521
11150,31.408
11151,31.428
11152,31.418
11153,31.496
11154,31.442
11155,31.482
11156,31.575
11157,31.477
11158,31.261
11159,30.833
11160,30.289
11161,29.827
11162,29.304
11163,28.913
11164,28.601
11165,28.339
11166,28.092
11167,27.94
11168,27.631
11169,27.479
11170,27.285
11171,27.29
11172,27.071
11173,26.806
11174,26.826
11175,26.688
11176,26.642
11177,26.652
11178,26.488
11179,26.319
11180,26.473
11181,26.298
11182,26.272
11183,26.277
11184,26.159
11185,26.195
11186,26.108
11187,26.066
11188,26.113
11189,26.061
11190,25.994
11191,25.938
11192,25.86
11193,25.876
11194,25.886
11195,25.963
11196,25.798
11197,25.829
11198,25.824
11199,25.881
11200,26.247
11201,26.277
11202,26.159
11203,26.277
11204,26.411
11205,26.401
11206,26.585
11207,26.713
11208,26.708
11209,26.841
11210,26.872
11211,27.122
11212,27.326
11213,27.367
11214,27.453
11215,27.616
11216,27.885
11217,28.026
11218,28.269
11219,28.526
11220,28.797
11221,29.023
11222,29.354
11223,29.748
11224,30.091
11225,30.541
11226,30.926
11227,31.251
11228,31.687
11229,31.653
11230,31.927
11231,31.878
11232,31.937
11233,31.863
11234,31.883
11235,31.746
11236,31.766
11237,31.814
11238,31.761
11239,31.629
11240,31.722
11241,31.668
11242,31.722
11243,31.922
11244,32.015
11245,31.985
11246,31.922
11247,32.044
11248,32.112
11249,32.083
11250,32.19
11251,32.029
11252,32.088
11253,32.034
11254,32.005
11255,32.146
11256,32.102
11257,32.185
11258,32.137
11259,32.19
11260,32.288
11261,32.19
11262,32.258
11263,32.312
11264,32.244
11265,32.273
11266,32.312
11267,32.302
11268,32.385
11269,32.307
11270,32.472
11271,32.54
11272,32.666
11273,32.662
11274,32.642
11275,32.681
11276,32.73
11277,32.734
11278,32.71
11279,32.773
11280,32.788
11281,33.006
11282,32.797
11283,32.754
11284,32.603
11285,32.579
11286,32.594
11287,32.662
11288,32.603
11289,32.322
11290,32.288
11291,32.122
11292,32.054
11293,31.976
11294,31.946
11295,31.961
11296,32.132
11297,32.137
11298,32.137
11299,32.098
11300,32.015
11301,31.795
11302,31.77
11303,31.951
11304,31.81
11305,31.814
11306,31.638
11307,31.687
11308,31.545
11309,31.56
11310,31.428
11311,31.369
11312,31.526
11313,31.457
11314,31.423
11315,31.482
11316,31.403
11317,31.398
11318,31.035
11319,30.724
11320,30.066
11321,29.668
11322,29.209
11323,28.853
11324,28.622
11325,28.299
11326,27.971
11327,27.88
11328,27.672
11329,27.489
11330,27.24
11331,27.336
11332,27.127
11333,27.01
11334,26.867
11335,26.76
11336,26.637
11337,26.616
11338,26.493
11339,26.467
11340,26.355
11341,26.303
11342,26.293
11343,26.195
11344,26.216
11345,26.139
11346,25.974
11347,26.113
11348,26.077
11349,26.046
11350,25.927
11351,25.932
11352,25.865
11353,25.938
11354,25.896
11355,25.747
11356,25.886
11357,25.767
11358,25.788
11359,25.829
11360,26.216
11361,26.226
11362,26.211
11363,26.277
11364,26.498
11365,26.519
11366,26.539
11367,26.585
11368,26.698
11369,26.841
11370,27.071
11371,27.03
11372,27.117
11373,27.423
11374,27.382
11375,27.509
11376,27.804
11377,28.067
11378,28.223
11379,28.471
11380,28.747
11381,28.953
11382,29.359
11383,29.728
11384,30.001
11385,30.482
11386,30.892
11387,31.202
11388,31.408
11389,31.756
11390,31.902
11391,31.834
11392,31.951
11393,31.81
11394,31.766
11395,31.78
11396,31.599
11397,31.805
11398,31.702
11399,31.731
11400,31.682
11401,31.682
11402,31.668
11403,31.912
11404,32.01
11405,31.873
11406,32.107
11407,31.976
11408,32.166
11409,32.049
11410,32.059
11411,32.229
11412,31.98
11413,32.054
11414,32.005
11415,32.176
11416,32.2
11417,32.205
11418,32.234
11419,32.219
11420,32.253
11421,32.239
11422,32.244
11423,32.326
11424,32.375
11425,32.365
11426,32.307
11427,32.39
11428,32.351
11429,32.424
11430,32.385
11431,32.574
11432,32.618
11433,32.647
11434,32.623
11435,32.642
11436,32.749
11437,32.778
11438,32.773
11439,32.768
11440,32.967
11441,32.933
11442,32.783
11443,32.599
11444,32.584
11445,32.453
11446,32.55
11447,32.526
11448,32.482
11449,32.341
11450,32.063
11451,32.102
11452,32.093
11453,31.878
11454,31.927
11455,32.063
11456,32.2
11457,32.161
11458,32.117
11459,32.156
11460,31.941
11461,31.663
11462,31.99
11463,32.0
11464,31.78
11465,31.854
11466,31.726
11467,31.731
11468,31.717
11469,31.55
11470,31.531
11471,31.452
11472,31.403
11473,31.403
11474,31.408
11475,31.33
11476,31.428
11477,31.32
11478,30.867
11479,30.507
11480,30.076
11481,29.448
11482,29.158
11483,28.808
11484,28.44
11485,28.218
11486,27.95
11487,27.966
11488,27.677
11489,27.514
11490,27.341
11491,27.102
11492,27.102
11493,26.862
11494,26.811
11495,26.698
11496,26.519
11497,26.56
11498,26.534
11499,26.457
11500,26.303
11501,26.267
11502,26.308
11503,26.211
11504,26.169
11505,25.938
11506,26.154
11507,26.113
11508,25.907
11509,25.927
11510,26.0
11511,25.912
11512,25.953
11513,25.938
11514,26.02
11515,25.943
11516,25.814
11517,25.845
11518,25.793
11519,25.927
11520,26.324
11521,26.247
11522,26.308
11523,26.308
11524,26.447
11525,26.493
11526,26.591
11527,26.749
11528,26.749
11529,26.928
11530,26.99
11531,27.143
11532,27.163
11533,27.372
11534,27.494
11535,27.565
11536,27.875
11537,28.001
11538,28.264
11539,28.541
11540,28.672
11541,28.988
11542,29.339
11543,29.608
11544,30.086
11545,30.467
11546,30.833
11547,31.158
11548,31.408
11549,31.589
11550,31.77
11551,31.819
11552,31.878
11553,31.746
11554,31.726
11555,31.731
11556,31.717
11557,31.814
11558,31.702
11559,31.717
11560,31.702
11561,31.682
11562,31.717
11563,31.951
11564,31.956
11565,31.99
11566,32.0
11567,32.093
11568,32.18
11569,32.112
11570,32.098
11571,32.054
11572,32.093
11573,32.049
11574,32.063
11575,32.146
11576,32.19
11577,32.176
11578,32.185
11579,32.273
11580,32.302
11581,32.253
11582,32.288
11583,32.36
11584,32.322
11585,32.317
11586,32.336
11587,32.37
11588,32.443
11589,32.39
11590,32.467
11591,32.531
11592,32.526
11593,32.579
11594,32.637
11595,32.637
11596,32.642
11597,32.696
11598,32.676
11599,32.734
11600,32.943
11601,32.783
11602,32.618
11603,32.511
11604,32.603
11605,32.463
11606,32.555
11607,32.608
11608,32.419
11609,32.326
11610,32.093
11611,32.088
11612,31.985
11613,32.024
11614,31.966
11615,32.185
11616,32.297
11617,32.068
11618,32.151
11619,32.02
11620,31.883
11621,31.8
11622,31.766
11623,32.01
11624,31.819
11625,31.927
11626,31.766
11627,31.726
11628,31.687
11629,31.638
11630,31.437
11631,31.359
11632,31.413
11633,31.349
11634,31.241
11635,31.3
11636,31.158
11637,31.025
11638,30.877
11639,30.299
11640,29.887
11641,29.593
11642,29.053
11643,28.596
11644,28.365
11645,28.213
11646,28.082
11647,27.864
11648,27.677
11649,27.469
11650,27.326
11651,27.27
11652,27.046
11653,27.02
11654,26.887
11655,26.724
11656,26.724
11657,26.509
11658,26.544
11659,26.349
11660,26.447
11661,26.262
11662,26.329
11663,26.303
11664,26.103
11665,26.241
11666,25.994
11667,25.974
11668,25.865
11669,25.932
11670,25.896
11671,25.814
11672,25.927
11673,25.902
11674,25.783
11675,25.819
11676,25.958
11677,25.917
11678,25.86
11679,25.798
11680,26.267
11681,26.36
11682,26.334
11683,26.503
11684,26.396
11685,26.637
11686,26.539
11687,26.744
11688,26.749
11689,26.923
11690,26.949
11691,27.194
11692,27.219
11693,27.438
11694,27.423
11695,27.631
11696,27.809
11697,27.986
11698,28.274
11699,28.496
11700,28.828
11701,28.993
11702,29.354
11703,29.618
11704,29.912
11705,30.442
11706,30.823
11707,31.177
11708,31.418
11709,31.501
11710,31.722
11711,31.814
11712,31.731
11713,31.78
11714,31.766
11715,31.824
11716,31.712
11717,31.692
11718,31.722
11719,31.814
11720,31.77
11721,31.77
11722,31.785
11723,31.775
11724,31.937
11725,31.971
11726,32.005
11727,32.098
11728,32.336
11729,32.098
11730,32.088
11731,32.166
11732,32.068
11733,32.02
11734,31.961
11735,32.176
11736,32.195
11737,32.268
11738,32.219
11739,32.234
11740,32.249
11741,32.326
11742,32.258
11743,32.283
11744,32.38
11745,32.443
11746,32.54
11747,32.472
11748,32.472
11749,32.521
11750,32.409
11751,32.404
11752,32.521
11753,32.623
11754,32.613
11755,32.652
11756,32.599
11757,32.773
11758,32.802
11759,32.705
11760,32.817
11761,32.642
11762,32.574
11763,32.599
11764,32.535
11765,32.433
11766,32.409
11767,32.506
11768,32.356
11769,32.127
11770,32.024
11771,32.01
11772,31.893
11773,31.917
11774,32.068
11775,32.2
11776,32.195
11777,32.18
11778,32.151
11779,32.112
11780,31.888
11781,31.663
11782,31.824
11783,32.02
11784,31.844
11785,31.829
11786,31.712
11787,31.756
11788,31.741
11789,31.545
11790,31.594
11791,31.496
11792,31.447
11793,31.256
11794,31.133
11795,31.221
11796,31.054
11797,31.035
11798,30.897
11799,30.319
11800,29.897
11801,29.393
11802,29.063
11803,28.813
11804,28.329
11805,28.319
11806,27.95
11807,27.981
11808,27.651
11809,27.489
11810,27.122
11811,27.194
11812,27.051
11813,26.867
11814,26.867
11815,26.734
11816,26.529
11817,26.637
11818,26.467
11819,26.38
11820,26.452
11821,26.298
11822,26.257
11823,26.154
11824,26.041
11825,26.087
11826,26.051
11827,26.123
11828,26.015
11829,25.948
11830,26.108
11831,26.015
11832,25.917
11833,26.01
11834,26.005
11835,25.984
11836,25.938
11837,25.953
11838,25.907
11839,25.855
11840,26.288
11841,26.288
11842,26.375
11843,26.467
11844,26.447
11845,26.452
11846,26.652
11847,26.729
11848,26.78
11849,26.887
11850,26.995
11851,27.138
11852,27.173
11853,27.423
11854,27.56
11855,27.667
11856,27.799
11857,28.016
11858,28.198
11859,28.536
11860,28.697
11861,28.943
11862,29.214
11863,29.613
11864,29.887
11865,30.319
11866,30.699
11867,31.059
11868,31.187
11869,31.369
11870,31.775
11871,31.81
11872,31.844
11873,31.741
11874,31.824
11875,31.736
11876,31.712
11877,31.722
11878,31.77
11879,31.805
11880,31.731
11881,31.731
11882,31.746
11883,31.995
11884,31.883
11885,31.951
11886,32.015
11887,32.127
11888,32.253
11889,32.068
11890,32.098
11891,32.078
11892,32.024
11893,31.995
11894,32.049
11895,32.122
11896,32.112
11897,32.297
11898,32.346
11899,32.253
11900,32.176
11901,32.433
11902,32.346
11903,32.283
11904,32.307
11905,32.448
11906,32.482
11907,32.579
11908,32.744
11909,32.599
11910,32.56
11911,32.419
11912,32.623
11913,32.555
11914,32.637
11915,32.579
11916,32.603
11917,32.686
11918,32.662
11919,32.657
11920,32.802
11921,32.54
11922,32.438
11923,32.545
11924,32.535
11925,32.419
11926,32.458
11927,32.414
11928,32.419
11929,32.21
11930,31.99
11931,32.024
11932,31.995
11933,31.8
11934,32.21
11935,32.205
11936,32.171
11937,31.961
11938,32.01
11939,31.99
11940,31.961
11941,31.77
11942,32.01
11943,31.795
11944,31.814
11945,31.868
11946,31.717
11947,31.795
11948,31.702
11949,31.746
11950,31.423
11951,31.423
11952,31.383
11953,31.172
11954,31.03
11955,31.025
11956,31.094
11957,31.005
11958,30.685
11959,30.195
11960,29.802
11961,29.314
11962,28.898
11963,28.772
11964,28.35
11965,28.259
11966,27.981
11967,27.646
11968,27.646
11969,27.489
11970,27.178
11971,27.204
11972,27.097
11973,26.923
11974,26.913
11975,26.626
11976,26.724
11977,26.519
11978,26.38
11979,26.401
11980,26.334
11981,26.257
11982,26.262
11983,26.149
11984,26.164
11985,26.139
11986,26.164
11987,26.077
11988,26.061
11989,25.994
11990,26.02
11991,25.932
11992,25.922
11993,25.953
11994,26.0
11995,25.829
11996,25.886
11997,25.907
11998,25.829
11999,25.793
12000,26.411
12001,26.298
12002,26.288
12003,26.467
12004,26.447
12005,26.55
12006,26.708
12007,26.673
12008,26.734
12009,26.867
12010,27.056
12011,27.117
12012,27.204
12013,27.326
12014,27.494
12015,27.692
12016,27.829
12017,28.031
12018,28.183
12019,28.365
12020,28.556
12021,28.903
12022,29.249
12023,29.548
12024,29.872
12025,30.195
12026,30.601
12027,30.951
12028,31.29
12029,31.423
12030,31.692
12031,31.78
12032,31.814
12033,31.751
12034,31.795
12035,31.682
12036,31.79
12037,31.761
12038,31.81
12039,31.663
12040,31.702
12041,31.717
12042,31.722
12043,31.878
12044,31.907
12045,31.927
12046,31.941
12047,32.151
12048,32.244
12049,32.2
12050,32.122
12051,32.059
12052,32.107
12053,32.015
12054,32.005
12055,32.024
12056,32.19
12057,32.263
12058,32.219
12059,32.268
12060,32.263
12061,32.239
12062,32.317
12063,32.375
12064,32.307
12065,32.497
12066,32.414
12067,32.71
12068,32.453
12069,32.686
12070,32.569
12071,32.623
12072,32.618
12073,32.429
12074,32.545
12075,32.603
12076,32.579
12077,32.623
12078,32.555
12079,32.637
12080,32.569
12081,32.365
12082,32.375
12083,32.409
12084,32.55
12085,32.477
12086,32.497
12087,32.453
12088,32.302
12089,32.049
12090,31.932
12091,31.878
12092,31.854
12093,31.893
12094,32.093
12095,32.156
12096,32.015
12097,32.01
12098,31.961
12099,31.893
12100,31.8
12101,31.863
12102,31.849
12103,31.766
12104,31.844
12105,31.741
12106,31.824
12107,31.722
12108,31.726
12109,31.717
12110,31.54
12111,31.393
12112,31.261
12113,31.118
12114,31.054
12115,31.059
12116,31.103
12117,31.02
12118,30.62
12119,30.17
12120,29.543
12121,29.209
12122,28.742
12123,28.632
12124,28.37
12125,28.036
12126,27.895
12127,27.859
12128,27.509
12129,27.418
12130,27.158
12131,27.178
12132,26.949
12133,26.939
12134,26.831
12135,26.565
12136,26.642
12137,26.411
12138,26.447
12139,26.324
12140,26.339
12141,26.211
12142,26.262
12143,26.241
12144,26.139
12145,26.123
12146,26.133
12147,26.0
12148,26.02
12149,25.994
12150,26.066
12151,25.927
12152,25.984
12153,25.912
12154,25.912
12155,25.902
12156,25.922
12157,25.819
12158,25.85
12159,25.932
12160,26.313
12161,26.272
12162,26.38
12163,26.467
12164,26.473
12165,26.498
12166,26.596
12167,26.77
12168,26.831
12169,26.995
12170,26.959
12171,27.199
12172,27.24
12173,27.301
12174,27.336
12175,27.677
12176,27.804
12177,28.067
12178,28.077
12179,28.395
12180,28.601
12181,28.993
12182,29.219
12183,29.583
12184,29.807
12185,30.145
12186,30.571
12187,30.872
12188,31.246
12189,31.285
12190,31.526
12191,31.653
12192,31.863
12193,31.741
12194,31.668
12195,31.677
12196,31.726
12197,31.707
12198,31.766
12199,31.819
12200,31.868
12201,31.854
12202,31.883
12203,31.932
12204,31.897
12205,31.932
12206,32.088
12207,31.995
12208,32.273
12209,32.288
12210,32.2
12211,32.132
12212,32.141
12213,32.132
12214,32.141
12215,32.122
12216,32.068
12217,32.2
12218,32.278
12219,32.278
12220,32.2
12221,32.18
12222,32.205
12223,32.307
12224,32.443
12225,32.414
12226,32.521
12227,32.521
12228,32.54
12229,32.637
12230,32.545
12231,32.482
12232,32.691
12233,32.613
12234,32.637
12235,32.681
12236,32.623
12237,32.599
12238,32.642
12239,32.526
12240,32.419
12241,32.399
12242,32.346
12243,32.399
12244,32.516
12245,32.433
12246,32.424
12247,32.331
12248,32.331
12249,32.078
12250,32.024
12251,31.995
12252,31.849
12253,32.093
12254,32.229
12255,32.039
12256,31.917
12257,31.946
12258,31.897
12259,31.673
12260,31.961
12261,31.922
12262,31.99
12263,31.912
12264,31.785
12265,31.912
12266,31.868
12267,31.819
12268,31.785
12269,31.687
12270,31.58
12271,31.271
12272,31.285
12273,31.187
12274,31.01
12275,30.734
12276,30.985
12277,30.852
12278,30.442
12279,30.016
12280,29.518
12281,29.209
12282,28.838
12283,28.481
12284,28.244
12285,28.021
12286,27.925
12287,27.859
12288,27.535
12289,27.489
12290,27.204
12291,27.178
12292,27.02
12293,26.928
12294,26.78
12295,26.821
12296,26.509
12297,26.457
12298,26.488
12299,26.319
12300,26.293
12301,26.288
12302,26.288
12303,26.159
12304,26.247
12305,26.072
12306,26.108
12307,26.061
12308,25.932
12309,25.958
12310,26.005
12311,25.974
12312,25.932
12313,25.953
12314,25.902
12315,25.912
12316,25.793
12317,25.788
12318,25.927
12319,25.752
12320,26.159
12321,26.375
12322,26.339
12323,26.339
12324,26.421
12325,26.529
12326,26.657
12327,26.708
12328,26.673
12329,27.005
12330,26.995
12331,27.219
12332,27.265
12333,27.362
12334,27.326
12335,27.621
12336,27.9
12337,28.107
12338,28.259
12339,28.385
12340,28.556
12341,28.918
12342,29.173
12343,29.553
12344,29.748
12345,30.175
12346,30.655
12347,30.872
12348,31.118
12349,31.325
12350,31.599
12351,31.687
12352,31.78
12353,31.8
12354,31.8
12355,31.722
12356,31.673
12357,31.648
12358,31.746
12359,31.834
12360,31.741
12361,31.883
12362,31.941
12363,32.083
12364,31.917
12365,31.878
12366,32.029
12367,32.19
12368,32.205
12369,32.214
12370,32.234
12371,32.171
12372,32.205
12373,32.132
12374,32.088
12375,32.122
12376,32.156
12377,32.146
12378,32.399
12379,32.404
12380,32.258
12381,32.385
12382,32.176
12383,32.356
12384,32.38
12385,32.467
12386,32.531
12387,32.404
12388,32.487
12389,32.725
12390,32.691
12391,32.642
12392,32.603
12393,32.497
12394,32.535
12395,32.613
12396,32.594
12397,32.657
12398,32.599
12399,32.511
12400,32.574
12401,32.239
12402,32.151
12403,32.229
12404,32.399
12405,32.516
12406,32.599
12407,32.346
12408,32.229
12409,32.015
12410,31.937
12411,31.834
12412,31.912
12413,32.137
12414,32.244
12415,32.015
12416,31.937
12417,31.849
12418,31.795
12419,31.814
12420,32.024
12421,32.039
12422,31.917
12423,31.863
12424,31.932
12425,31.966
12426,31.766
12427,31.819
12428,31.736
12429,31.55
12430,31.33
12431,31.413
12432,31.138
12433,31.177
12434,30.995
12435,30.862
12436,30.778
12437,30.69
12438,30.225
12439,29.882
12440,29.413
12441,29.173
12442,28.611
12443,28.41
12444,28.239
12445,28.006
12446,27.95
12447,27.925
12448,27.55
12449,27.423
12450,27.245
12451,27.229
12452,26.959
12453,26.913
12454,26.862
12455,26.514
12456,26.606
12457,26.539
12458,26.442
12459,26.426
12460,26.283
12461,26.303
12462,26.247
12463,26.288
12464,26.159
12465,26.108
12466,26.133
12467,26.139
12468,26.077
12469,25.969
12470,26.02
12471,25.907
12472,25.963
12473,25.953
12474,25.974
12475,25.881
12476,25.886
12477,25.809
12478,25.834
12479,25.896
12480,26.252
12481,26.241
12482,26.344
12483,26.462
12484,26.452
12485,26.493
12486,26.713
12487,26.749
12488,26.775
12489,26.995
12490,27.01
12491,27.153
12492,27.24
12493,27.321
12494,27.59
12495,27.707
12496,27.804
12497,28.067
12498,28.117
12499,28.405
12500,28.551
12501,28.848
12502,29.299
12503,29.508
12504,29.767
12505,30.14
12506,30.541
12507,30.872
12508,31.207
12509,31.491
12510,31.609
12511,31.726
12512,31.854
12513,31.873
12514,31.844
12515,31.81
12516,31.844
12517,31.805
12518,31.8
12519,31.946
12520,31.849
12521,31.81
12522,31.98
12523,31.912
12524,32.01
12525,31.937
12526,32.049
12527,32.166
12528,32.156
12529,32.2
12530,32.331
12531,32.224
12532,32.346
12533,32.219
12534,32.156
12535,32.122
12536,32.176
12537,32.292
12538,32.341
12539,32.414
12540,32.375
12541,32.317
12542,32.341
12543,32.322
12544,32.395
12545,32.414
12546,32.424
12547,32.414
12548,32.579
12549,32.681
12550,32.705
12551,32.676
12552,32.72
12553,32.574
12554,32.599
12555,32.535
12556,32.613
12557,32.705
12558,32.531
12559,32.482
12560,32.424
12561,32.258
12562,32.102
12563,32.307
12564,32.351
12565,32.487
12566,32.501
12567,32.492
12568,32.171
12569,32.063
12570,31.893
12571,31.79
12572,31.927
12573,32.249
12574,32.112
12575,31.932
12576,31.883
12577,31.722
12578,31.761
12579,31.951
12580,31.956
12581,32.005
12582,31.917
12583,31.902
12584,31.839
12585,31.937
12586,31.785
12587,31.81
12588,31.785
12589,31.604
12590,31.339
12591,31.285
12592,31.339
12593,31.113
12594,31.054
12595,30.852
12596,30.744
12597,30.556
12598,30.279
12599,29.728
12600,29.309
12601,29.088
12602,28.667
12603,28.486
12604,28.239
12605,28.117
12606,27.885
12607,27.753
12608,27.545
12609,27.331
12610,27.153
12611,27.158
12612,26.979
12613,26.862
12614,26.821
12615,26.667
12616,26.585
12617,26.447
12618,26.437
12619,26.442
12620,26.39
12621,26.288
12622,26.226
12623,26.252
12624,26.175
12625,26.18
12626,26.087
12627,26.159
12628,26.103
12629,25.984
12630,26.056
12631,25.865
12632,25.871
12633,25.979
12634,25.943
12635,25.948
12636,25.845
12637,25.948
12638,25.814
12639,25.819
12640,26.375
12641,26.303
12642,26.349
12643,26.308
12644,26.514
12645,26.78
12646,26.673
12647,26.77
12648,26.821
12649,26.969
12650,26.969
12651,27.138
12652,27.25
12653,27.438
12654,27.458
12655,27.53
12656,27.849
12657,28.117
12658,28.072
12659,28.375
12660,28.692
12661,28.878
12662,29.178
12663,29.433
12664,29.758
12665,30.15
12666,30.527
12667,30.857
12668,31.138
12669,31.423
12670,31.614
12671,31.614
12672,31.619
12673,31.717
12674,31.824
12675,31.81
12676,31.849
12677,31.888
12678,31.839
12679,31.902
12680,31.868
12681,31.863
12682,31.917
12683,32.093
12684,32.005
12685,32.024
12686,32.078
12687,32.195
12688,32.185
12689,32.2
12690,32.195
12691,32.229
12692,32.365
12693,32.166
12694,32.18
12695,32.171
12696,32.176
12697,32.234
12698,32.239
12699,32.346
12700,32.385
12701,32.297
12702,32.322
12703,32.351
12704,32.39
12705,32.429
12706,32.433
12707,32.39
12708,32.458
12709,32.565
12710,32.526
12711,32.686
12712,32.666
12713,32.608
12714,32.589
12715,32.545
12716,32.414
12717,32.686
12718,32.56
12719,32.521
12720,32.482
12721,32.229
12722,32.127
12723,32.054
12724,32.375
12725,32.545
12726,32.307
12727,32.341
12728,32.098
12729,32.0
12730,31.712
12731,31.736
12732,31.956
12733,32.141
12734,31.893
12735,31.868
12736,31.888
12737,31.555
12738,31.951
12739,31.976
12740,31.995
12741,31.966
12742,32.02
12743,32.015
12744,31.917
12745,31.854
12746,31.766
12747,31.766
12748,31.751
12749,31.521
12750,31.393
12751,31.33
12752,31.192
12753,31.167
12754,31.089
12755,30.734
12756,30.581
12757,30.403
12758,29.897
12759,29.533
12760,29.113
12761,28.878
12762,28.561
12763,28.476
12764,28.259
12765,28.052
12766,27.93
12767,27.809
12768,27.616
12769,27.362
12770,27.25
12771,27.25
12772,26.99
12773,26.877
12774,26.657
12775,26.662
12776,26.632
12777,26.565
12778,26.421
12779,26.37
12780,26.313
12781,26.293
12782,26.236
12783,26.231
12784,26.205
12785,26.128
12786,26.092
12787,26.046
12788,25.994
12789,25.855
12790,25.984
12791,26.02
12792,25.912
12793,25.819
12794,25.963
12795,25.84
12796,25.772
12797,25.953
12798,25.855
12799,25.845
12800,26.236
12801,26.257
12802,26.277
12803,26.421
12804,26.509
12805,26.616
12806,26.724
12807,26.831
12808,26.673
12809,26.954
12810,26.984
12811,27.173
12812,27.219
12813,27.438
12814,27.479
12815,27.728
12816,27.768
12817,27.89
12818,28.218
12819,28.425
12820,28.455
12821,28.777
12822,29.093
12823,29.388
12824,29.653
12825,30.026
12826,30.383
12827,30.862
12828,31.143
12829,31.354
12830,31.58
12831,31.643
12832,31.604
12833,31.756
12834,32.078
12835,31.883
12836,31.927
12837,31.922
12838,31.956
12839,31.893
12840,31.878
12841,31.961
12842,32.073
12843,32.185
12844,32.107
12845,32.117
12846,32.102
12847,32.059
12848,32.219
12849,32.224
12850,32.176
12851,32.288
12852,32.399
12853,32.39
12854,32.307
12855,32.312
12856,32.18
12857,32.156
12858,32.137
12859,32.292
12860,32.351
12861,32.351
12862,32.346
12863,32.302
12864,32.414
12865,32.292
12866,32.268
12867,32.234
12868,32.414
12869,32.467
12870,32.526
12871,32.681
12872,32.686
12873,32.657
12874,32.589
12875,32.292
12876,32.288
12877,32.56
12878,32.516
12879,32.487
12880,32.365
12881,32.273
12882,32.127
12883,32.219
12884,32.239
12885,32.322
12886,32.297
12887,32.214
12888,32.054
12889,31.956
12890,31.907
12891,31.834
12892,32.024
12893,31.912
12894,31.912
12895,31.726
12896,31.761
12897,31.81
12898,31.976
12899,32.063
12900,31.98
12901,32.0
12902,31.917
12903,31.99
12904,31.917
12905,31.849
12906,31.78
12907,31.81
12908,31.648
12909,31.589
12910,31.413
12911,31.374
12912,31.344
12913,31.251
12914,30.936
12915,30.729
12916,30.536
12917,30.343
12918,29.812
12919,29.518
12920,29.108
12921,28.923
12922,28.506
12923,28.541
12924,28.097
12925,27.966
12926,27.905
12927,27.631
12928,27.514
12929,27.301
12930,27.076
12931,27.163
12932,26.872
12933,26.821
12934,26.698
12935,26.596
12936,26.637
12937,26.452
12938,26.493
12939,26.365
12940,26.447
12941,26.293
12942,26.298
12943,26.247
12944,26.221
12945,26.113
12946,26.087
12947,26.056
12948,26.108
12949,26.02
12950,26.082
12951,25.891
12952,25.974
12953,25.927
12954,25.948
12955,25.803
12956,25.85
12957,25.829
12958,25.85
12959,25.824
12960,26.149
12961,26.231
12962,26.303
12963,26.467
12964,26.555
12965,26.55
12966,26.667
12967,26.688
12968,26.775
12969,26.944
12970,26.984
12971,27.148
12972,27.204
12973,27.413
12974,27.418
12975,27.504
12976,27.763
12977,27.885
12978,28.163
12979,28.445
12980,28.501
12981,28.833
12982,28.908
12983,29.329
12984,29.822
12985,30.051
12986,30.442
12987,30.699
12988,31.035
12989,31.344
12990,31.584
12991,31.614
12992,31.756
12993,31.726
12994,31.863
12995,31.902
12996,31.98
12997,32.063
12998,31.971
12999,31.878
13000,32.093
13001,32.059
13002,31.956
13003,32.161
13004,32.107
13005,32.156
13006,32.156
13007,32.137
13008,32.122
13009,32.151
13010,32.234
13011,32.307
13012,32.365
13013,32.273
13014,32.229
13015,32.141
13016,32.302
13017,32.117
13018,32.024
13019,32.21
13020,32.317
13021,32.356
13022,32.385
13023,32.317
13024,32.249
13025,32.317
13026,32.224
13027,32.302
13028,32.404
13029,32.477
13030,32.628
13031,32.565
13032,32.652
13033,32.608
13034,32.618
13035,32.39
13036,32.166
13037,32.492
13038,32.565
13039,32.492
13040,32.229
13041,32.127
13042,32.239
13043,32.171
13044,32.263
13045,32.297
13046,32.312
13047,32.244
13048,32.146
13049,31.893
13050,31.961
13051,31.868
13052,31.883
13053,31.922
13054,31.849
13055,31.888
13056,31.682
13057,31.78
13058,31.937
13059,32.063
13060,31.927
13061,31.941
13062,31.902
13063,31.941
13064,31.766
13065,31.8
13066,31.805
13067,31.687
13068,31.633
13069,31.594
13070,31.408
13071,31.393
13072,31.231
13073,30.99
13074,30.857
13075,30.556
13076,30.338
13077,30.145
13078,29.817
13079,29.533
13080,29.078
13081,28.878
13082,28.581
13083,28.309
13084,28.163
13085,27.981
13086,27.829
13087,27.651
13088,27.458
13089,27.275
13090,27.127
13091,27.076
13092,26.887
13093,26.688
13094,26.596
13095,26.662
13096,26.478
13097,26.519
13098,26.462
13099,26.421
13100,26.303
13101,26.19
13102,26.283
13103,26.319
13104,26.128
13105,26.139
13106,26.113
13107,26.046
13108,26.077
13109,26.036
13110,25.917
13111,25.912
13112,25.912
13113,25.938
13114,25.984
13115,25.809
13116,25.84
13117,25.814
13118,25.974
13119,26.108
13120,26.262
13121,26.329
13122,26.467
13123,26.488
13124,26.519
13125,26.739
13126,26.57
13127,26.708
13128,26.831
13129,26.923
13130,27.061
13131,27.087
13132,27.29
13133,27.392
13134,27.408
13135,27.56
13136,27.854
13137,27.859
13138,28.289
13139,28.415
13140,28.742
13141,28.747
13142,29.033
13143,29.423
13144,29.713
13145,30.056
13146,30.314
13147,30.714
13148,31.03
13149,31.32
13150,31.486
13151,31.599
13152,31.756
13153,31.663
13154,31.941
13155,32.029
13156,32.18
13157,31.902
13158,32.141
13159,32.088
13160,32.083
13161,32.127
13162,32.117
13163,32.107
13164,32.322
13165,32.273
13166,32.249
13167,32.102
13168,32.214
13169,32.122
13170,32.151
13171,32.273
13172,32.385
13173,32.244
13174,32.117
13175,32.034
13176,32.214
13177,32.224
13178,32.088
13179,32.156
13180,32.214
13181,32.409
13182,32.356
13183,32.424
13184,32.249
13185,32.244
13186,32.049
13187,32.273
13188,32.283
13189,32.453
13190,32.409
13191,32.506
13192,32.584
13193,32.652
13194,32.608
13195,32.253
13196,32.185
13197,32.385
13198,32.497
13199,32.448
13200,32.438
13201,32.288
13202,32.278
13203,32.253
13204,32.229
13205,32.195
13206,32.404
13207,32.151
13208,32.239
13209,31.971
13210,31.883
13211,31.956
13212,31.878
13213,32.078
13214,31.868
13215,31.677
13216,31.888
13217,31.937
13218,32.059
13219,32.054
13220,32.015
13221,31.966
13222,32.059
13223,32.083
13224,31.932
13225,31.863
13226,31.589
13227,31.599
13228,31.633
13229,31.516
13230,31.511
13231,31.285
13232,31.28
13233,31.064
13234,30.685
13235,30.536
13236,30.358
13237,30.324
13238,29.847
13239,29.523
13240,29.173
13241,28.923
13242,28.581
13243,28.289
13244,28.067
13245,27.986
13246,27.844
13247,27.748
13248,27.479
13249,27.28
13250,27.153
13251,27.041
13252,26.862
13253,26.816
13254,26.765
13255,26.56
13256,26.565
13257,26.488
13258,26.437
13259,26.396
13260,26.293
13261,26.262
13262,26.205
13263,26.123
13264,26.18
13265,26.087
13266,26.164
13267,26.0
13268,26.056
13269,26.036
13270,25.963
13271,25.989
13272,25.984
13273,25.969
13274,25.943
13275,25.974
13276,25.84
13277,25.876
13278,25.963
13279,25.865
13280,26.319
13281,26.344
13282,26.272
13283,26.462
13284,26.488
13285,26.591
13286,26.611
13287,26.77
13288,26.775
13289,26.99
13290,26.944
13291,27.112
13292,27.357
13293,27.321
13294,27.479
13295,27.519
13296,28.016
13297,28.052
13298,28.153
13299,28.405
13300,28.566
13301,28.898
13302,29.143
13303,29.388
13304,29.748
13305,30.086
13306,30.482
13307,30.704
13308,30.946
13309,31.256
13310,31.589
13311,31.57
13312,31.692
13313,31.8
13314,31.868
13315,31.995
13316,32.2
13317,32.185
13318,32.263
13319,32.122
13320,32.214
13321,32.268
13322,32.122
13323,32.219
13324,32.205
13325,32.346
13326,32.249
13327,32.141
13328,32.214
13329,32.224
13330,32.341
13331,32.249
13332,32.448
13333,32.312
13334,32.078
13335,32.18
13336,32.112
13337,32.214
13338,31.868
13339,32.078
13340,32.171
13341,32.288
13342,32.297
13343,32.351
13344,32.278
13345,32.292
13346,32.278
13347,32.297
13348,32.331
13349,32.419
13350,32.385
13351,32.429
13352,32.623
13353,32.662
13354,32.574
13355,32.336
13356,32.171
13357,32.346
13358,32.448
13359,32.477
13360,32.312
13361,32.322
13362,32.302
13363,32.171
13364,32.312
13365,32.21
13366,32.249
13367,32.219
13368,32.176
13369,32.068
13370,31.849
13371,31.961
13372,32.073
13373,31.849
13374,31.971
13375,31.795
13376,31.883
13377,32.02
13378,32.005
13379,32.127
13380,32.083
13381,32.039
13382,32.029
13383,31.995
13384,31.849
13385,31.819
13386,31.633
13387,31.648
13388,31.673
13389,31.565
13390,31.447
13391,31.207
13392,31.138
13393,30.99
13394,30.838
13395,30.571
13396,30.423
13397,30.314
13398,29.832
13399,29.413
13400,29.068
13401,28.727
13402,28.491
13403,28.269
13404,28.107
13405,27.961
13406,27.804
13407,27.662
13408,27.489
13409,27.392
13410,27.27
13411,27.143
13412,26.79
13413,26.688
13414,26.76
13415,26.754
13416,26.524
13417,26.555
13418,26.38
13419,26.308
13420,26.462
13421,26.329
13422,26.334
13423,26.185
13424,26.149
13425,26.252
13426,26.123
13427,25.989
13428,26.005
13429,26.046
13430,25.927
13431,25.979
13432,25.927
13433,25.974
13434,25.969
13435,25.829
13436,25.953
13437,25.798
13438,25.922
13439,25.778
13440,26.293
13441,26.303
13442,26.365
13443,26.473
13444,26.503
13445,26.616
13446,26.765
13447,26.749
13448,26.826
13449,26.974
13450,26.979
13451,27.107
13452,27.27
13453,27.321
13454,27.367
13455,27.565
13456,27.722
13457,27.961
13458,28.143
13459,28.375
13460,28.611
13461,28.903
13462,29.118
13463,29.448
13464,29.772
13465,30.061
13466,30.229
13467,30.69
13468,31.0
13469,31.266
13470,31.516
13471,31.491
13472,31.648
13473,31.883
13474,31.976
13475,32.117
13476,32.185
13477,32.356
13478,32.224
13479,32.151
13480,32.244
13481,32.288
13482,32.234
13483,32.253
13484,32.273
13485,32.375
13486,32.263
13487,32.268
13488,32.268
13489,32.288
13490,32.273
13491,32.322
13492,32.322
13493,32.307
13494,32.151
13495,32.02
13496,32.146
13497,32.024
13498,31.849
13499,31.922
13500,32.098
13501,32.234
13502,32.224
13503,32.399
13504,32.302
13505,32.302
13506,32.253
13507,32.336
13508,32.297
13509,32.36
13510,32.239
13511,32.278
13512,32.37
13513,32.56
13514,32.594
13515,32.356
13516,32.234
13517,32.307
13518,32.351
13519,32.36
13520,32.326
13521,32.497
13522,32.21
13523,32.322
13524,32.205
13525,32.307
13526,32.249
13527,32.21
13528,32.249
13529,31.976
13530,32.029
13531,32.078
13532,32.068
13533,31.98
13534,31.863
13535,31.883
13536,32.01
13537,32.02
13538,31.961
13539,31.985
13540,32.117
13541,32.122
13542,32.102
13543,31.927
13544,31.77
13545,31.717
13546,31.555
13547,31.516
13548,31.604
13549,31.477
13550,31.349
13551,31.339
13552,31.123
13553,30.882
13554,30.675
13555,30.788
13556,30.408
13557,30.239
13558,29.743
13559,29.364
13560,29.033
13561,28.747
13562,28.365
13563,28.314
13564,28.107
13565,28.021
13566,27.829
13567,27.692
13568,27.53
13569,27.311
13570,27.138
13571,27.138
13572,26.816
13573,26.77
13574,26.8
13575,26.647
13576,26.555
13577,26.524
13578,26.478
13579,26.462
13580,26.38
13581,26.247
13582,26.2
13583,26.149
13584,26.18
13585,26.149
13586,26.087
13587,26.149
13588,26.103
13589,26.025
13590,26.072
13591,25.871
13592,25.927
13593,25.917
13594,25.932
13595,25.865
13596,25.814
13597,25.902
13598,25.84
13599,25.772
13600,26.344
13601,26.442
13602,26.37
13603,26.401
13604,26.467
13605,26.606
13606,26.55
13607,26.847
13608,26.867
13609,26.974
13610,27.041
13611,27.158
13612,27.143
13613,27.336
13614,27.433
13615,27.636
13616,27.702
13617,28.067
13618,28.097
13619,28.289
13620,28.531
13621,28.843
13622,29.178
13623,29.408
13624,29.743
13625,29.986
13626,30.18
13627,30.62
13628,30.961
13629,31.29
13630,31.276
13631,31.545
13632,31.8
13633,31.731
13634,32.005
13635,32.171
13636,32.395
13637,32.424
13638,32.526
13639,32.263
13640,32.273
13641,32.409
13642,32.487
13643,32.404
13644,32.516
13645,32.395
13646,32.239
13647,32.239
13648,32.385
13649,32.249
13650,32.268
13651,32.244
13652,32.244
13653,32.346
13654,32.117
13655,32.024
13656,31.971
13657,32.024
13658,31.858
13659,31.912
13660,32.063
13661,32.21
13662,32.205
13663,32.419
13664,32.273
13665,32.351
13666,32.307
13667,32.263
13668,32.346
13669,32.39
13670,32.263
13671,32.292
13672,32.331
13673,32.438
13674,32.487
13675,32.224
13676,32.146
13677,32.351
13678,32.414
13679,32.278
13680,32.395
13681,32.283
13682,32.433
13683,32.477
13684,32.365
13685,32.283
13686,32.399
13687,32.253
13688,32.234
13689,32.034
13690,32.107
13691,32.156
13692,32.107
13693,31.99
13694,32.034
13695,32.0
13696,32.01
13697,31.98
13698,31.995
13699,32.107
13700,32.098
13701,32.039
13702,32.044
13703,31.917
13704,31.834
13705,31.717
13706,31.54
13707,31.726
13708,31.717
13709,31.526
13710,31.354
13711,31.256
13712,31.133
13713,30.921
13714,30.803
13715,30.576
13716,30.338
13717,30.155
13718,29.738
13719,29.264
13720,28.993
13721,28.777
13722,28.541
13723,28.264
13724,28.031
13725,27.875
13726,27.662
13727,27.519
13728,27.377
13729,27.229
13730,27.097
13731,26.99
13732,27.005
13733,26.816
13734,26.58
13735,26.503
13736,26.524
13737,26.467
13738,26.473
13739,26.344
13740,26.442
13741,26.298
13742,26.195
13743,26.139
13744,26.211
13745,26.216
13746,26.092
13747,26.133
13748,26.041
13749,26.046
13750,26.041
13751,25.907
13752,25.984
13753,25.989
13754,25.902
13755,25.943
13756,25.907
13757,25.943
13758,25.891
13759,25.953
13760,26.221
13761,26.396
13762,26.426
13763,26.385
13764,26.519
13765,26.575
13766,26.78
13767,26.836
13768,26.954
13769,27.087
13770,27.046
13771,27.056
13772,27.296
13773,27.29
13774,27.458
13775,27.616
13776,27.763
13777,27.966
13778,28.057
13779,28.208
13780,28.581
13781,28.808
13782,29.068
13783,29.383
13784,29.758
13785,30.046
13786,30.408
13787,30.645
13788,30.985
13789,31.172
13790,31.486
13791,31.575
13792,31.756
13793,31.863
13794,31.873
13795,32.18
13796,32.351
13797,32.375
13798,32.516
13799,32.385
13800,32.414
13801,32.375
13802,32.477
13803,32.608
13804,32.424
13805,32.482
13806,32.365
13807,32.307
13808,32.346
13809,32.395
13810,32.244
13811,32.18
13812,32.239
13813,32.2
13814,32.151
13815,31.932
13816,32.039
13817,31.976
13818,32.054
13819,31.941
13820,31.873
13821,32.239
13822,32.2
13823,32.273
13824,32.258
13825,32.283
13826,32.283
13827,32.302
13828,32.278
13829,32.283
13830,32.229
13831,32.234
13832,32.244
13833,32.429
13834,32.472
13835,32.292
13836,32.137
13837,32.258
13838,32.263
13839,32.278
13840,32.395
13841,32.268
13842,32.419
13843,32.453
13844,32.176
13845,32.176
13846,32.424
13847,32.283
13848,32.302
13849,32.214
13850,32.151
13851,32.117
13852,32.073
13853,31.966
13854,32.034
13855,31.932
13856,32.015
13857,31.956
13858,31.995
13859,32.112
13860,32.093
13861,32.049
13862,31.893
13863,31.912
13864,31.702
13865,31.663
13866,31.658
13867,31.717
13868,31.555
13869,31.462
13870,31.388
13871,31.148
13872,31.167
13873,31.04
13874,30.729
13875,30.67
13876,30.368
13877,30.066
13878,29.628
13879,29.408
13880,28.998
13881,28.677
13882,28.36
13883,28.158
13884,28.021
13885,27.839
13886,27.646
13887,27.494
13888,27.397
13889,27.316
13890,27.036
13891,27.046
13892,26.872
13893,26.775
13894,26.678
13895,26.539
13896,26.601
13897,26.524
13898,26.467
13899,26.308
13900,26.411
13901,26.385
13902,26.205
13903,26.277
13904,26.159
13905,26.056
13906,26.267
13907,26.077
13908,26.0
13909,25.994
13910,25.943
13911,25.958
13912,25.917
13913,25.845
13914,25.948
13915,26.005
13916,25.824
13917,25.824
13918,25.912
13919,25.865
13920,26.365
13921,26.313
13922,26.478
13923,26.365
13924,26.58
13925,26.606
13926,26.739
13927,26.939
13928,26.877
13929,26.969
13930,26.995
13931,27.173
13932,27.229
13933,27.494
13934,27.596
13935,27.667
13936,27.778
13937,28.031
13938,28.173
13939,28.45
13940,28.465
13941,28.848
13942,29.008
13943,29.309
13944,29.718
13945,30.125
13946,30.373
13947,30.591
13948,30.956
13949,31.143
13950,31.516
13951,31.638
13952,31.77
13953,31.976
13954,31.961
13955,32.137
13956,32.307
13957,32.603
13958,32.671
13959,32.603
13960,32.603
13961,32.521
13962,32.647
13963,32.797
13964,32.671
13965,32.623
13966,32.448
13967,32.37
13968,32.438
13969,32.351
13970,32.341
13971,32.331
13972,32.263
13973,32.307
13974,32.219
13975,32.176
13976,32.068
13977,32.034
13978,31.98
13979,31.888
13980,32.073
13981,32.132
13982,32.185
13983,32.307
13984,32.307
13985,32.331
13986,32.336
13987,32.351
13988,32.36
13989,32.351
13990,32.171
13991,32.146
13992,32.195
13993,32.302
13994,32.487
13995,32.482
13996,32.312
13997,32.36
13998,32.419
13999,32.288
14000,32.375
14001,32.36
14002,32.419
14003,32.385
14004,32.375
14005,32.375
14006,32.409
14007,32.37
14008,32.258
14009,32.278
14010,32.107
14011,32.02
14012,32.107
14013,32.083
14014,32.21
14015,32.137
14016,32.02
14017,32.034
14018,32.059
14019,32.073
14020,32.171
14021,32.063
14022,31.883
14023,31.756
14024,31.545
14025,31.702
14026,31.77
14027,31.692
14028,31.555
14029,31.526
14030,31.364
14031,31.084
14032,31.241
14033,30.926
14034,30.783
14035,30.665
14036,30.527
14037,30.239
14038,29.663
14039,29.324
14040,28.813
14041,28.536
14042,28.334
14043,28.168
14044,28.001
14045,27.895
14046,27.626
14047,27.479
14048,27.352
14049,27.204
14050,27.189
14051,27.005
14052,26.923
14053,26.724
14054,26.673
14055,26.539
14056,26.534
14057,26.447
14058,26.452
14059,26.575
14060,26.432
14061,26.344
14062,26.36
14063,26.195
14064,26.221
14065,26.211
14066,26.18
14067,26.072
14068,26.041
14069,26.025
14070,26.025
14071,25.871
14072,25.979
14073,25.958
14074,25.912
14075,25.969
14076,25.845
14077,25.932
14078,25.958
14079,25.809
14080,26.349
14081,26.288
14082,26.437
14083,26.375
14084,26.498
14085,26.509
14086,26.673
14087,26.847
14088,26.913
14089,26.872
14090,27.041
14091,27.071
14092,27.189
14093,27.326
14094,27.524
14095,27.641
14096,27.753
14097,27.956
14098,28.087
14099,28.324
14100,28.445
14101,28.838
14102,29.018
14103,29.339
14104,29.578
14105,30.011
14106,30.264
14107,30.615
14108,30.995
14109,31.167
14110,31.437
14111,31.594
14112,31.663
14113,31.956
14114,31.961
14115,32.195
14116,32.297
14117,32.574
14118,32.676
14119,32.647
14120,32.642
14121,32.734
14122,32.749
14123,32.778
14124,32.671
14125,32.54
14126,32.545
14127,32.356
14128,32.419
14129,32.341
14130,32.36
14131,32.414
14132,32.283
14133,32.141
14134,32.063
14135,32.054
14136,32.01
14137,32.068
14138,31.917
14139,31.976
14140,31.932
14141,32.263
14142,32.214
14143,32.219
14144,32.278
14145,32.263
14146,32.244
14147,32.404
14148,32.395
14149,32.331
14150,32.214
14151,32.176
14152,32.2
14153,32.356
14154,32.453
14155,32.463
14156,32.283
14157,32.336
14158,32.19
14159,32.463
14160,32.36
14161,32.39
14162,32.409
14163,32.307
14164,32.346
14165,32.37
14166,32.516
14167,32.38
14168,32.278
14169,32.137
14170,32.083
14171,32.034
14172,32.132
14173,32.317
14174,32.088
14175,32.088
14176,32.034
14177,32.015
14178,31.966
14179,32.161
14180,32.068
14181,31.995
14182,31.8
14183,31.687
14184,31.677
14185,31.814
14186,31.722
14187,31.677
14188,31.447
14189,31.374
14190,31.364
14191,31.148
14192,31.108
14193,30.995
14194,30.778
14195,30.675
14196,30.556
14197,30.011
14198,29.668
14199,29.319
14200,28.752
14201,28.566
14202,28.183
14203,28.057
14204,27.834
14205,27.606
14206,27.499
14207,27.458
14208,27.346
14209,27.173
14210,27.087
14211,27.081
14212,26.857
14213,26.703
14214,26.601
14215,26.601
14216,26.621
14217,26.457
14218,26.37
14219,26.37
14220,26.334
14221,26.355
14222,26.288
14223,26.303
14224,26.113
14225,26.241
14226,26.139
14227,26.097
14228,25.974
14229,26.01
14230,26.025
14231,25.865
14232,25.896
14233,25.865
14234,25.891
14235,25.912
14236,25.922
14237,25.881
14238,25.84
14239,25.85
14240,26.313
14241,26.211
14242,26.401
14243,26.519
14244,26.555
14245,26.519
14246,26.673
14247,26.744
14248,26.795
14249,27.056
14250,26.913
14251,27.173
14252,27.352
14253,27.352
14254,27.585
14255,27.712
14256,27.733
14257,28.011
14258,28.299
14259,28.339
14260,28.576
14261,28.762
14262,29.103
14263,29.359
14264,29.643
14265,30.031
14266,30.205
14267,30.64
14268,30.956
14269,31.158
14270,31.442
14271,31.56
14272,31.756
14273,31.976
14274,32.278
14275,32.365
14276,32.448
14277,32.671
14278,32.657
14279,32.768
14280,32.831
14281,32.822
14282,32.87
14283,32.885
14284,32.846
14285,32.778
14286,32.637
14287,32.458
14288,32.395
14289,32.375
14290,32.351
14291,32.395
14292,32.448
14293,32.224
14294,32.263
14295,32.063
14296,32.093
14297,31.971
14298,32.01
14299,32.166
14300,32.0
14301,32.195
14302,32.322
14303,32.331
14304,32.229
14305,32.2
14306,32.297
14307,32.39
14308,32.341
14309,32.385
14310,32.229
14311,32.258
14312,32.312
14313,32.409
14314,32.501
14315,32.511
14316,32.516
14317,32.263
14318,32.399
14319,32.356
14320,32.535
14321,32.443
14322,32.419
14323,32.448
14324,32.438
14325,32.506
14326,32.501
14327,32.404
14328,32.176
14329,32.214
14330,32.093
14331,32.229
14332,32.317
14333,32.336
14334,32.244
14335,32.205
14336,32.083
14337,32.2
14338,32.21
14339,32.059
14340,31.99
14341,31.907
14342,31.824
14343,31.805
14344,31.707
14345,31.883
14346,31.741
14347,31.663
14348,31.496
14349,31.364
14350,31.374
14351,31.266
14352,31.241
14353,31.02
14354,30.921
14355,30.66
14356,30.334
14357,30.051
14358,29.578
14359,29.209
14360,28.752
14361,28.516
14362,28.183
14363,28.026
14364,27.905
14365,27.88
14366,27.702
14367,27.433
14368,27.357
14369,27.153
14370,26.974
14371,26.984
14372,26.811
14373,26.816
14374,26.724
14375,26.729
14376,26.606
14377,26.565
14378,26.437
14379,26.319
14380,26.38
14381,26.406
14382,26.385
14383,26.277
14384,26.185
14385,26.283
14386,26.175
14387,25.979
14388,26.113
14389,26.015
14390,25.963
14391,25.963
14392,25.886
14393,25.953
14394,25.932
14395,25.943
14396,25.943
14397,25.896
14398,25.855
14399,25.742
14400,26.257
14401,26.324
14402,26.447
14403,26.447
14404,26.498
14405,26.534
14406,26.601
14407,26.724
14408,26.847
14409,26.928
14410,27.224
14411,27.102
14412,27.24
14413,27.245
14414,27.479
14415,27.58
14416,27.799
14417,28.067
14418,28.107
14419,28.289
14420,28.566
14421,28.777
14422,29.108
14423,29.339
14424,29.663
14425,29.956
14426,30.319
14427,30.601
14428,30.862
14429,31.256
14430,31.447
14431,31.702
14432,31.888
14433,32.005
14434,32.214
14435,32.219
14436,32.511
14437,32.681
14438,32.841
14439,32.763
14440,32.841
14441,32.773
14442,32.952
14443,32.889
14444,32.981
14445,32.807
14446,32.734
14447,32.594
14448,32.477
14449,32.395
14450,32.307
14451,32.346
14452,32.312
14453,32.385
14454,32.18
14455,32.137
14456,32.01
14457,31.966
14458,31.98
14459,32.088
14460,32.151
14461,32.312
14462,32.312
14463,32.443
14464,32.302
14465,32.322
14466,32.249
14467,32.351
14468,32.283
14469,32.341
14470,32.278
14471,32.239
14472,32.322
14473,32.268
14474,32.463
14475,32.477
14476,32.55
14477,32.365
14478,32.307
14479,32.365
14480,32.613
14481,32.482
14482,32.448
14483,32.36
14484,32.569
14485,32.458
14486,32.482
14487,32.341
14488,32.244
14489,32.185
14490,32.107
14491,32.283
14492,32.239
14493,32.331
14494,32.224
14495,32.063
14496,32.127
14497,32.141
14498,32.19
14499,32.151
14500,32.02
14501,31.888
14502,31.912
14503,31.819
14504,31.746
14505,31.761
14506,31.785
14507,31.526
14508,31.496
14509,31.364
14510,31.261
14511,31.236
14512,31.02
14513,31.044
14514,30.936
14515,30.744
14516,30.393
14517,30.021
14518,29.498
14519,29.158
14520,28.818
14521,28.46
14522,28.228
14523,28.026
14524,27.712
14525,27.651
14526,27.57
14527,27.519
14528,27.311
14529,27.326
14530,26.974
14531,26.877
14532,26.841
14533,26.713
14534,26.8
14535,26.585
14536,26.447
14537,26.534
14538,26.39
14539,26.37
14540,26.452
14541,26.262
14542,26.2
14543,26.221
14544,26.149
14545,26.046
14546,26.061
14547,26.025
14548,26.061
14549,26.02
14550,25.855
14551,25.974
14552,25.979
14553,25.917
14554,25.963
14555,25.907
14556,25.932
14557,25.927
14558,25.814
14559,25.865
14560,26.252
14561,26.236
14562,26.488
14563,26.544
14564,26.503
14565,26.652
14566,26.754
14567,26.775
14568,26.831
14569,26.99
14570,27.127
14571,27.061
14572,27.234
14573,27.367
14574,27.519
14575,27.545
14576,27.819
14577,28.006
14578,28.148
14579,28.319
14580,28.611
14581,28.828
14582,29.073
14583,29.339
14584,29.628
14585,29.897
14586,30.279
14587,30.497
14588,30.946
14589,31.398
14590,31.472
14591,31.746
14592,31.912
14593,32.039
14594,32.19
14595,32.375
14596,32.662
14597,32.793
14598,32.826
14599,32.856
14600,32.865
14601,32.933
14602,32.88
14603,32.938
14604,32.943
14605,32.885
14606,32.637
14607,32.603
14608,32.492
14609,32.37
14610,32.365
14611,32.365
14612,32.297
14613,32.351
14614,32.336
14615,32.122
14616,31.971
14617,31.976
14618,31.995
14619,32.176
14620,32.098
14621,32.404
14622,32.429
14623,32.409
14624,32.346
14625,32.346
14626,32.292
14627,32.404
14628,32.336
14629,32.36
14630,32.336
14631,32.288
14632,32.395
14633,32.482
14634,32.477
14635,32.472
14636,32.438
14637,32.497
14638,32.472
14639,32.531
14640,32.492
14641,32.463
14642,32.424
14643,32.516
14644,32.526
14645,32.56
14646,32.443
14647,32.253
14648,32.409
14649,32.151
14650,32.263
14651,32.404
14652,32.258
14653,32.229
14654,32.151
14655,32.18
14656,32.156
14657,32.205
14658,32.141
14659,32.171
14660,31.883
14661,31.883
14662,31.829
14663,31.707
14664,31.687
14665,31.8
14666,31.702
14667,31.535
14668,31.423
14669,31.369
14670,31.315
14671,31.197
14672,31.354
14673,31.148
14674,31.0
14675,30.936
14676,30.388
14677,30.001
14678,29.593
14679,28.958
14680,28.752
14681,28.486
14682,28.107
14683,28.122
14684,27.915
14685,27.824
14686,27.514
14687,27.499
14688,27.321
14689,27.153
14690,27.097
14691,27.036
14692,26.923
14693,26.719
14694,26.683
14695,26.591
14696,26.606
14697,26.488
14698,26.478
14699,26.55
14700,26.355
14701,26.257
14702,26.257
14703,26.267
14704,26.169
14705,26.082
14706,26.103
14707,26.103
14708,26.036
14709,26.061
14710,25.963
14711,25.994
14712,25.922
14713,25.969
14714,25.886
14715,25.912
14716,25.871
14717,25.84
14718,25.85
14719,25.803
14720,26.349
14721,26.339
14722,26.38
14723,26.524
14724,26.539
14725,26.55
14726,26.703
14727,26.862
14728,26.836
14729,27.056
14730,27.092
14731,27.081
14732,27.362
14733,27.382
14734,27.504
14735,27.575
14736,27.743
14737,28.031
14738,28.057
14739,28.35
14740,28.516
14741,28.777
14742,29.093
14743,29.259
14744,29.628
14745,29.952
14746,30.294
14747,30.625
14748,30.867
14749,31.266
14750,31.477
14751,31.575
14752,31.961
14753,32.039
14754,32.297
14755,32.278
14756,32.516
14757,32.802
14758,32.831
14759,32.914
14760,32.817
14761,32.918
14762,32.894
14763,32.894
14764,32.851
14765,32.87
14766,32.778
14767,32.458
14768,32.472
14769,32.467
14770,32.506
14771,32.351
14772,32.336
14773,32.263
14774,32.185
14775,32.054
14776,32.078
14777,32.132
14778,31.961
14779,32.102
14780,32.326
14781,32.307
14782,32.433
14783,32.419
14784,32.346
14785,32.467
14786,32.292
14787,32.385
14788,32.38
14789,32.249
14790,32.273
14791,32.258
14792,32.307
14793,32.433
14794,32.55
14795,32.492
14796,32.419
14797,32.54
14798,32.516
14799,32.458
14800,32.472
14801,32.395
14802,32.497
14803,32.453
14804,32.535
14805,32.414
14806,32.38
14807,32.322
14808,32.258
14809,32.234
14810,32.185
14811,32.161
14812,32.346
14813,32.102
14814,32.112
14815,32.205
14816,32.18
14817,32.234
14818,32.205
14819,32.127
14820,32.054
14821,32.078
14822,31.829
14823,31.819
14824,31.805
14825,31.814
14826,31.521
14827,31.57
14828,31.496
14829,31.379
14830,31.162
14831,31.182
14832,31.359
14833,31.133
14834,31.025
14835,30.744
14836,30.343
14837,30.021
14838,29.508
14839,29.138
14840,28.662
14841,28.4
14842,28.223
14843,28.031
14844,27.849
14845,27.692
14846,27.616
14847,27.377
14848,27.189
14849,27.122
14850,27.066
14851,27.056
14852,26.893
14853,26.703
14854,26.678
14855,26.606
14856,26.539
14857,26.585
14858,26.411
14859,26.401
14860,26.272
14861,26.221
14862,26.123
14863,26.164
14864,26.2
14865,26.2
14866,26.154
14867,26.164
14868,26.061
14869,26.01
14870,25.969
14871,25.989
14872,25.969
14873,25.963
14874,25.845
14875,25.778
14876,25.876
14877,25.958
14878,25.932
14879,25.876
14880,26.272
14881,26.406
14882,26.447
14883,26.55
14884,26.632
14885,26.611
14886,26.647
14887,26.795
14888,26.862
14889,27.041
14890,27.28
14891,27.153
14892,27.367
14893,27.484
14894,27.545
14895,27.631
14896,27.799
14897,28.021
14898,28.052
14899,28.375
14900,28.561
14901,28.777
14902,29.083
14903,29.284
14904,29.583
14905,30.001
14906,30.324
14907,30.675
14908,30.985
14909,31.123
14910,31.462
14911,31.751
14912,32.034
14913,32.107
14914,32.18
14915,32.433
14916,32.628
14917,32.768
14918,32.967
14919,33.006
14920,32.856
14921,32.894
14922,32.851
14923,32.841
14924,32.904
14925,32.889
14926,32.691
14927,32.603
14928,32.414
14929,32.448
14930,32.404
14931,32.302
14932,32.39
14933,32.336
14934,32.326
14935,32.146
14936,32.151
14937,32.18
14938,31.976
14939,32.054
14940,32.18
14941,32.336
14942,32.429
14943,32.54
14944,32.511
14945,32.463
14946,32.429
14947,32.278
14948,32.38
14949,32.37
14950,32.322
14951,32.278
14952,32.385
14953,32.579
14954,32.487
14955,32.628
14956,32.516
14957,32.579
14958,32.521
14959,32.414
14960,32.419
14961,32.472
14962,32.497
14963,32.443
14964,32.56
14965,32.482
14966,32.375
14967,32.268
14968,32.356
14969,32.399
14970,32.156
14971,32.346
14972,32.132
14973,32.224
14974,32.214
14975,32.132
14976,32.034
14977,32.161
14978,32.073
14979,32.18
14980,32.107
14981,31.863
14982,31.702
14983,31.888
14984,31.775
14985,31.761
14986,31.609
14987,31.663
14988,31.383
14989,31.32
14990,31.344
14991,31.398
14992,31.256
14993,31.167
14994,30.808
14995,30.724
14996,30.378
14997,30.061
14998,29.643
14999,28.948
15000,28.727
15001,28.42
15002,28.208
15003,27.971
15004,27.9
15005,27.672
15006,27.514
15007,27.453
15008,27.24
15009,27.107
15010,26.959
15011,26.944
15012,26.847
15013,26.703
15014,26.606
15015,26.657
15016,26.539
15017,26.509
15018,26.36
15019,26.375
15020,26.401
15021,26.216
15022,26.241
15023,26.2
15024,26.169
15025,26.082
15026,26.092
15027,26.036
15028,26.072
15029,26.103
15030,25.974
15031,25.86
15032,25.927
15033,25.762
15034,25.902
15035,25.948
15036,25.979
15037,25.871
15038,25.793
15039,25.881
15040,26.38
15041,26.396
15042,26.539
15043,26.524
15044,26.601
15045,26.678
15046,26.667
15047,26.785
15048,26.836
15049,26.995
15050,27.199
15051,27.199
15052,27.362
15053,27.469
15054,27.519
15055,27.753
15056,27.829
15057,27.971
15058,28.163
15059,28.339
15060,28.455
15061,28.797
15062,29.098
15063,29.294
15064,29.673
15065,29.952
15066,30.259
15067,30.606
15068,30.98
15069,31.158
15070,31.467
15071,31.79
15072,32.039
15073,32.229
15074,32.234
15075,32.331
15076,32.623
15077,32.773
15078,32.885
15079,33.049
15080,32.957
15081,32.831
15082,32.86
15083,32.73
15084,32.73
15085,32.851
15086,32.754
15087,32.545
15088,32.506
15089,32.492
15090,32.555
15091,32.322
15092,32.414
15093,32.419
15094,32.317
15095,32.239
15096,32.117
15097,32.141
15098,31.995
15099,32.2
15100,32.176
15101,32.346
15102,32.477
15103,32.555
15104,32.647
15105,32.487
15106,32.409
15107,32.307
15108,32.297
15109,32.399
15110,32.317
15111,32.346
15112,32.443
15113,32.535
15114,32.579
15115,32.419
15116,32.608
15117,32.657
15118,32.526
15119,32.477
15120,32.565
15121,32.565
15122,32.424
15123,32.438
15124,32.569
15125,32.511
15126,32.292
15127,32.219
15128,32.356
15129,32.273
15130,32.356
15131,32.331
15132,32.083
15133,32.234
15134,32.263
15135,32.18
15136,32.102
15137,32.224
15138,32.107
15139,32.127
15140,32.0
15141,31.795
15142,31.751
15143,31.668
15144,31.775
15145,31.58
15146,31.643
15147,31.54
15148,31.271
15149,31.276
15150,31.428
15151,31.256
15152,31.212
15153,31.192
15154,30.926
15155,30.704
15156,30.645
15157,30.12
15158,29.583
15159,29.073
15160,28.632
15161,28.43
15162,28.067
15163,28.052
15164,27.88
15165,27.783
15166,27.545
15167,27.346
15168,27.229
15169,27.092
15170,27.051
15171,26.862
15172,26.852
15173,26.683
15174,26.708
15175,26.524
15176,26.462
15177,26.539
15178,26.478
15179,26.416
15180,26.426
15181,26.175
15182,26.128
15183,26.2
15184,26.061
15185,26.18
15186,26.087
15187,26.144
15188,26.097
15189,26.056
15190,25.865
15191,25.963
15192,26.01
15193,25.953
15194,25.932
15195,25.917
15196,25.953
15197,25.953
15198,25.938
15199,25.871
15200,26.324
15201,26.426
15202,26.503
15203,26.601
15204,26.565
15205,26.647
15206,26.724
15207,26.852
15208,26.959
15209,26.898
15210,27.107
15211,27.28
15212,27.336
15213,27.387
15214,27.54
15215,27.733
15216,27.88
15217,28.138
15218,28.143
15219,28.284
15220,28.471
15221,28.873
15222,29.048
15223,29.294
15224,29.628
15225,29.927
15226,30.324
15227,30.63
15228,30.995
15229,31.207
15230,31.462
15231,31.775
15232,31.971
15233,32.176
15234,32.292
15235,32.326
15236,32.516
15237,32.691
15238,32.889
15239,32.889
15240,32.822
15241,32.947
15242,32.87
15243,32.763
15244,32.749
15245,32.691
15246,32.705
15247,32.54
15248,32.424
15249,32.448
15250,32.565
15251,32.419
15252,32.458
15253,32.356
15254,32.516
15255,32.278
15256,32.068
15257,32.263
15258,32.098
15259,32.122
15260,32.146
15261,32.253
15262,32.356
15263,32.545
15264,32.448
15265,32.37
15266,32.497
15267,32.326
15268,32.21
15269,32.365
15270,32.249
15271,32.326
15272,32.37
15273,32.555
15274,32.715
15275,32.467
15276,32.613
15277,32.681
15278,32.579
15279,32.385
15280,32.477
15281,32.521
15282,32.569
15283,32.419
15284,32.574
15285,32.453
15286,32.21
15287,32.375
15288,32.419
15289,32.39
15290,32.36
15291,32.093
15292,32.185
15293,32.263
15294,32.205
15295,32.185
15296,32.448
15297,32.219
15298,32.122
15299,31.946
15300,32.01
15301,31.8
15302,31.682
15303,31.707
15304,31.535
15305,31.594
15306,31.629
15307,31.388
15308,31.295
15309,31.339
15310,31.403
15311,31.359
15312,31.148
15313,31.113
15314,30.798
15315,30.778
15316,30.685
15317,30.091
15318,29.573
15319,29.098
15320,28.541
15321,28.329
15322,28.208
15323,28.057
15324,27.722
15325,27.687
15326,27.448
15327,27.336
15328,27.148
15329,27.112
15330,27.056
15331,26.877
15332,26.719
15333,26.642
15334,26.652
15335,26.688
15336,26.616
15337,26.514
15338,26.483
15339,26.36
15340,26.283
15341,26.18
15342,26.216
15343,26.185
15344,26.139
15345,26.066
15346,26.133
15347,26.108
15348,26.03
15349,26.036
15350,25.984
15351,25.922
15352,26.02
15353,25.927
15354,26.036
15355,25.969
15356,26.005
15357,25.979
15358,25.814
15359,25.902
15360,26.319
15361,26.432
15362,26.601
15363,26.432
15364,26.596
15365,26.606
15366,26.662
15367,26.729
15368,26.933
15369,26.984
15370,27.153
15371,27.316
15372,27.392
15373,27.265
15374,27.509
15375,27.667
15376,27.864
15377,27.935
15378,28.188
15379,28.279
15380,28.566
15381,28.898
15382,29.073
15383,29.219
15384,29.508
15385,29.922
15386,30.17
15387,30.65
15388,30.966
15389,31.172
15390,31.526
15391,31.854
15392,31.966
15393,32.224
15394,32.317
15395,32.424
15396,32.521
15397,32.7
15398,32.914
15399,32.938
15400,32.889
15401,32.909
15402,32.885
15403,32.768
15404,32.526
15405,32.681
15406,32.681
15407,32.531
15408,32.487
15409,32.39
15410,32.574
15411,32.511
15412,32.38
15413,32.346
15414,32.38
15415,32.292
15416,32.2
15417,32.161
15418,32.249
15419,32.063
15420,32.176
15421,32.292
15422,32.336
15423,32.54
15424,32.501
15425,32.341
15426,32.472
15427,32.399
15428,32.239
15429,32.399
15430,32.307
15431,32.288
15432,32.429
15433,32.526
15434,32.346
15435,32.589
15436,32.647
15437,32.662
15438,32.613
15439,32.565
15440,32.521
15441,32.594
15442,32.477
15443,32.39
15444,32.399
15445,32.39
15446,32.395
15447,32.448
15448,32.322
15449,32.312
15450,32.351
15451,32.2
15452,32.239
15453,32.214
15454,32.176
15455,32.054
15456,32.195
15457,32.063
15458,32.054
15459,31.927
15460,31.79
15461,31.766
15462,31.575
15463,31.535
15464,31.584
15465,31.697
15466,31.521
15467,31.32
15468,31.447
15469,31.339
15470,31.403
15471,31.207
15472,31.153
15473,31.089
15474,30.862
15475,30.847
15476,30.66
15477,30.061
15478,29.463
15479,28.883
15480,28.45
15481,28.203
15482,28.052
15483,27.925
15484,27.793
15485,27.611
15486,27.372
15487,27.326
15488,27.194
15489,27.015
15490,26.857
15491,26.979
15492,26.872
15493,26.652
15494,26.601
15495,26.514
15496,26.55
15497,26.411
15498,26.452
15499,26.355
15500,26.324
15501,26.231
15502,26.169
15503,26.226
15504,26.18
15505,26.262
15506,26.056
15507,26.2
15508,26.041
15509,26.046
15510,25.907
15511,25.834
15512,25.912
15513,26.036
15514,25.958
15515,25.979
15516,25.767
15517,25.845
15518,25.855
15519,25.803
15520,26.303
15521,26.324
15522,26.38
15523,26.544
15524,26.524
15525,26.616
15526,26.77
15527,26.754
15528,26.847
15529,27.102
15530,27.107
15531,27.311
15532,27.377
15533,27.346
15534,27.484
15535,27.621
15536,27.854
15537,27.95
15538,28.158
15539,28.284
15540,28.581
15541,28.707
15542,28.978
15543,29.309
15544,29.568
15545,29.952
15546,30.215
15547,30.541
15548,30.971
15549,31.212
15550,31.501
15551,31.687
15552,31.81
15553,32.093
15554,32.351
15555,32.487
15556,32.599
15557,32.788
15558,32.918
15559,32.899
15560,32.812
15561,32.933
15562,32.885
15563,32.856
15564,32.691
15565,32.603
15566,32.681
15567,32.516
15568,32.511
15569,32.433
15570,32.526
15571,32.565
15572,32.38
15573,32.336
15574,32.404
15575,32.283
15576,32.336
15577,32.219
15578,32.171
15579,32.21
15580,32.239
15581,32.253
15582,32.302
15583,32.39
15584,32.472
15585,32.292
15586,32.336
15587,32.244
15588,32.346
15589,32.38
15590,32.317
15591,32.326
15592,32.419
15593,32.662
15594,32.399
15595,32.322
15596,32.569
15597,32.681
15598,32.574
15599,32.584
15600,32.472
15601,32.467
15602,32.424
15603,32.565
15604,32.448
15605,32.365
15606,32.317
15607,32.385
15608,32.39
15609,32.38
15610,32.146
15611,32.078
15612,32.18
15613,32.219
15614,32.195
15615,32.253
15616,32.234
15617,32.122
15618,31.888
15619,31.79
15620,31.819
15621,31.805
15622,31.599
15623,31.633
15624,31.565
15625,31.55
15626,31.658
15627,31.32
15628,31.32
15629,31.374
15630,31.295
15631,31.103
15632,31.158
15633,30.971
15634,30.976
15635,30.902
15636,30.665
15637,30.11
15638,29.473
15639,28.828
15640,28.496
15641,28.314
15642,28.153
15643,27.93
15644,27.722
15645,27.733
15646,27.438
15647,27.301
15648,27.306
15649,27.041
15650,27.0
15651,26.959
15652,26.847
15653,26.744
15654,26.626
15655,26.534
15656,26.667
15657,26.514
15658,26.37
15659,26.447
15660,26.288
15661,26.154
15662,26.195
15663,26.205
15664,26.211
15665,26.128
15666,26.103
15667,26.108
15668,25.932
15669,25.922
15670,25.912
15671,25.938
15672,25.969
15673,26.01
15674,25.927
15675,25.912
15676,25.845
15677,25.85
15678,25.85
15679,25.798
15680,26.36
15681,26.39
15682,26.39
15683,26.534
15684,26.585
15685,26.611
15686,26.637
15687,26.821
15688,26.836
15689,26.862
15690,27.066
15691,27.173
15692,27.387
15693,27.387
15694,27.54
15695,27.545
15696,27.809
15697,27.875
15698,28.168
15699,28.269
15700,28.556
15701,28.712
15702,29.063
15703,29.249
15704,29.643
15705,29.877
15706,30.096
15707,30.507
15708,30.966
15709,31.231
15710,31.653
15711,31.849
15712,32.0
15713,32.137
15714,32.326
15715,32.487
15716,32.487
15717,32.788
15718,32.778
15719,32.865
15720,32.763
15721,32.807
15722,32.778
15723,32.691
15724,32.662
15725,32.535
15726,32.681
15727,32.54
15728,32.492
15729,32.37
15730,32.385
15731,32.671
15732,32.375
15733,32.36
15734,32.307
15735,32.409
15736,32.322
15737,32.424
15738,32.229
15739,32.132
15740,32.326
15741,32.424
15742,32.419
15743,32.438
15744,32.351
15745,32.312
15746,32.283
15747,32.409
15748,32.258
15749,32.317
15750,32.307
15751,32.331
15752,32.448
15753,32.433
15754,32.302
15755,32.443
15756,32.545
15757,32.579
15758,32.535
15759,32.395
15760,32.38
15761,32.55
15762,32.482
15763,32.497
15764,32.497
15765,32.477
15766,32.472
15767,32.482
15768,32.375
15769,32.273
15770,32.083
15771,32.156
15772,32.127
15773,32.229
15774,32.2
15775,32.132
15776,32.19
15777,31.79
15778,31.761
15779,31.888
15780,31.736
15781,31.619
15782,31.599
15783,31.575
15784,31.565
15785,31.633
15786,31.418
15787,31.344
15788,31.398
15789,31.339
15790,31.251
15791,31.256
15792,31.113
15793,31.158
15794,31.035
15795,30.985
15796,30.655
15797,30.046
15798,29.364
15799,28.772
15800,28.465
15801,28.239
15802,28.183
15803,27.935
15804,27.728
15805,27.626
15806,27.408
15807,27.341
15808,27.122
15809,27.025
15810,26.857
15811,26.852
15812,26.882
15813,26.596
15814,26.621
15815,26.611
15816,26.457
15817,26.452
15818,26.457
15819,26.421
15820,26.38
15821,26.18
15822,26.19
15823,26.231
15824,26.185
15825,26.051
15826,26.077
15827,26.082
15828,26.03
15829,26.051
15830,25.917
15831,25.927
15832,25.829
15833,25.989
15834,25.974
15835,25.803
15836,25.767
15837,25.876
15838,25.85
15839,25.7
15840,26.344
15841,26.401
15842,26.452
15843,26.626
15844,26.57
15845,26.688
15846,26.678
15847,26.719
15848,26.826
15849,26.984
15850,27.081
15851,27.132
15852,27.367
15853,27.408
15854,27.418
15855,27.636
15856,27.829
15857,28.031
15858,28.153
15859,28.309
15860,28.531
15861,28.717
15862,28.958
15863,29.264
15864,29.623
15865,29.897
15866,30.19
15867,30.581
15868,30.971
15869,31.226
15870,31.633
15871,31.839
15872,32.083
15873,32.098
15874,32.2
15875,32.492
15876,32.555
15877,32.613
15878,32.875
15879,32.812
15880,32.812
15881,32.783
15882,32.744
15883,32.686
15884,32.574
15885,32.56
15886,32.477
15887,32.414
15888,32.356
15889,32.399
15890,32.463
15891,32.671
15892,32.734
15893,32.419
15894,32.288
15895,32.409
15896,32.292
15897,32.297
15898,32.151
15899,32.141
15900,32.346
15901,32.433
15902,32.346
15903,32.409
15904,32.375
15905,32.307
15906,32.312
15907,32.258
15908,32.297
15909,32.39
15910,32.302
15911,32.424
15912,32.463
15913,32.535
15914,32.317
15915,32.307
15916,32.414
15917,32.594
15918,32.414
15919,32.54
15920,32.443
15921,32.555
15922,32.676
15923,32.37
15924,32.565
15925,32.535
15926,32.438
15927,32.399
15928,32.336
15929,32.19
15930,32.054
15931,32.098
15932,32.19
15933,32.214
15934,32.122
15935,32.195
15936,32.024
15937,31.726
15938,31.829
15939,31.883
15940,31.844
15941,31.594
15942,31.511
15943,31.545
15944,31.393
15945,31.433
15946,31.423
15947,31.462
15948,31.403
15949,31.271
15950,31.271
15951,31.138
15952,31.128
15953,31.153
15954,31.103
15955,31.025
15956,30.428
15957,29.753
15958,29.413
15959,28.893
15960,28.425
15961,28.168
15962,28.138
15963,27.89
15964,27.672
15965,27.514
15966,27.362
15967,27.402
15968,27.194
15969,27.081
15970,27.036
15971,26.841
15972,26.754
15973,26.749
15974,26.606
15975,26.58
15976,26.544
15977,26.534
15978,26.385
15979,26.39
15980,26.211
15981,26.241
15982,26.175
15983,26.226
15984,26.216
15985,26.164
15986,26.041
15987,26.118
15988,26.159
15989,26.066
15990,25.938
15991,25.943
15992,25.907
15993,26.0
15994,26.0
15995,25.865
15996,25.829
15997,25.907
15998,25.819
15999,25.814
16000,26.344
16001,26.385
16002,26.401
16003,26.534
16004,26.708
16005,26.77
16006,26.734
16007,26.729
16008,26.877
16009,27.025
16010,26.979
16011,27.127
16012,27.194
16013,27.357
16014,27.479
16015,27.687
16016,27.809
16017,28.001
16018,28.021
16019,28.334
16020,28.627
16021,28.747
16022,28.983
16023,29.194
16024,29.583
16025,29.822
16026,30.115
16027,30.492
16028,30.813
16029,31.246
16030,31.472
16031,31.78
16032,31.883
16033,32.068
16034,32.161
16035,32.419
16036,32.599
16037,32.662
16038,32.666
16039,32.763
16040,32.822
16041,32.826
16042,32.802
16043,32.666
16044,32.579
16045,32.37
16046,32.511
16047,32.448
16048,32.579
16049,32.346
16050,32.438
16051,32.589
16052,32.889
16053,32.443
16054,32.351
16055,32.351
16056,32.395
16057,32.21
16058,32.322
16059,32.214
16060,32.18
16061,32.36
16062,32.438
16063,32.419
16064,32.395
16065,32.312
16066,32.258
16067,32.244
16068,32.205
16069,32.336
16070,32.292
16071,32.263
16072,32.292
16073,32.467
16074,32.253
16075,32.297
16076,32.414
16077,32.531
16078,32.429
16079,32.419
16080,32.433
16081,32.531
16082,32.671
16083,32.375
16084,32.453
16085,32.458
16086,32.195
16087,32.292
16088,32.244
16089,32.151
16090,32.107
16091,32.112
16092,32.214
16093,32.19
16094,32.214
16095,31.946
16096,31.8
16097,31.878
16098,31.897
16099,31.858
16100,31.687
16101,31.486
16102,31.575
16103,31.167
16104,31.359
16105,31.477
16106,31.393
16107,31.325
16108,31.236
16109,31.32
16110,31.231
16111,31.192
16112,31.197
16113,31.177
16114,31.02
16115,30.783
16116,30.452
16117,29.912
16118,29.304
16119,28.772
16120,28.596
16121,28.234
16122,27.981
16123,27.895
16124,27.707
16125,27.631
16126,27.321
16127,27.402
16128,27.153
16129,27.097
16130,26.928
16131,26.852
16132,26.836
16133,26.703
16134,26.662
16135,26.611
16136,26.529
16137,26.514
16138,26.267
16139,26.247
16140,26.303
16141,26.236
16142,26.236
16143,26.241
16144,26.144
16145,26.164
16146,26.082
16147,26.082
16148,26.133
16149,26.066
16150,26.015
16151,26.005
16152,25.984
16153,25.809
16154,26.0
16155,25.891
16156,25.855
16157,25.891
16158,25.938
16159,25.85
16160,26.421
16161,26.421
16162,26.524
16163,26.539
16164,26.611
16165,26.678
16166,26.662
16167,26.821
16168,26.882
16169,26.995
16170,27.041
16171,27.138
16172,27.158
16173,27.27
16174,27.469
16175,27.611
16176,27.93
16177,28.062
16178,28.107
16179,28.35
16180,28.334
16181,28.707
16182,29.123
16183,29.204
16184,29.618
16185,29.857
16186,29.961
16187,30.393
16188,30.828
16189,31.226
16190,31.496
16191,31.663
16192,31.937
16193,31.917
16194,32.098
16195,32.37
16196,32.472
16197,32.623
16198,32.652
16199,32.793
16200,32.947
16201,32.788
16202,32.797
16203,32.618
16204,32.603
16205,32.56
16206,32.448
16207,32.39
16208,32.569
16209,32.404
16210,32.438
16211,32.506
16212,32.841
16213,32.531
16214,32.448
16215,32.385
16216,32.633
16217,32.229
16218,32.322
16219,32.234
16220,32.385
16221,32.385
16222,32.467
16223,32.331
16224,32.419
16225,32.292
16226,32.263
16227,32.219
16228,32.073
16229,32.205
16230,32.278
16231,32.239
16232,32.273
16233,32.429
16234,32.268
16235,32.146
16236,32.38
16237,32.302
16238,32.21
16239,32.268
16240,32.463
16241,32.467
16242,32.628
16243,32.409
16244,32.477
16245,32.419
16246,32.18
16247,32.317
16248,32.268
16249,32.063
16250,31.878
16251,32.122
16252,32.273
16253,32.146
16254,31.917
16255,31.79
16256,31.907
16257,31.79
16258,31.858
16259,31.599
16260,31.653
16261,31.531
16262,31.251
16263,31.33
16264,31.433
16265,31.325
16266,31.32
16267,31.28
16268,31.236
16269,31.226
16270,31.241
16271,31.236
16272,31.123
16273,31.162
16274,30.995
16275,30.764
16276,30.358
16277,29.753
16278,29.194
16279,28.792
16280,28.46
16281,28.244
16282,27.839
16283,27.804
16284,27.738
16285,27.453
16286,27.316
16287,27.367
16288,27.189
16289,27.087
16290,26.984
16291,26.882
16292,26.882
16293,26.708
16294,26.621
16295,26.509
16296,26.539
16297,26.396
16298,26.308
16299,26.39
16300,26.205
16301,26.211
16302,26.205
16303,26.036
16304,26.113
16305,26.015
16306,26.159
16307,26.164
16308,26.061
16309,26.061
16310,25.927
16311,25.958
16312,25.85
16313,25.907
16314,26.005
16315,25.819
16316,25.902
16317,25.974
16318,25.907
16319,25.896
16320,26.288
16321,26.2
16322,26.483
16323,26.509
16324,26.585
16325,26.539
16326,26.862
16327,26.708
16328,26.893
16329,26.995
16330,27.03
16331,27.01
16332,27.173
16333,27.311
16334,27.443
16335,27.631
16336,27.875
16337,27.89
16338,28.057
16339,28.193
16340,28.355
16341,28.687
16342,28.933
16343,29.123
16344,29.578
16345,29.902
16346,30.066
16347,30.472
16348,30.793
16349,31.202
16350,31.462
16351,31.682
16352,31.893
16353,32.083
16354,32.117
16355,32.244
16356,32.458
16357,32.584
16358,32.574
16359,32.579
16360,32.783
16361,32.889
16362,32.657
16363,32.72
16364,32.671
16365,32.535
16366,32.346
16367,32.36
16368,32.331
16369,32.365
16370,32.356
16371,32.438
16372,32.686
16373,32.39
16374,32.268
16375,32.307
16376,32.531
16377,32.146
16378,32.331
16379,32.312
16380,32.341
16381,32.472
16382,32.448
16383,32.521
16384,32.433
16385,32.409
16386,32.326
16387,32.093
16388,32.005
16389,32.137
16390,32.273
16391,32.19
16392,32.205
16393,32.375
16394,32.356
16395,32.239
16396,32.56
16397,32.2
16398,32.161
16399,32.249
16400,32.414
16401,32.482
16402,32.487
16403,32.501
16404,32.526
16405,32.229
16406,32.341
16407,32.21
16408,32.205
16409,31.893
16410,31.761
16411,31.941
16412,32.078
16413,31.897
16414,31.81
16415,31.961
16416,31.897
16417,31.941
16418,31.589
16419,31.604
16420,31.506
16421,31.271
16422,31.457
16423,31.511
16424,31.594
16425,31.418
16426,31.339
16427,31.162
16428,31.231
16429,31.379
16430,31.29
16431,31.158
16432,31.153
16433,31.123
16434,31.02
16435,30.828
16436,30.259
16437,29.733
16438,29.274
16439,28.737
16440,28.365
16441,28.183
16442,28.087
16443,27.778
16444,27.687
16445,27.509
16446,27.524
16447,27.316
16448,27.189
16449,27.122
16450,27.015
16451,26.857
16452,26.76
16453,26.775
16454,26.503
16455,26.55
16456,26.534
16457,26.375
16458,26.355
16459,26.308
16460,26.216
16461,26.236
16462,26.128
16463,26.195
16464,26.149
16465,26.092
16466,26.113
16467,26.056
16468,26.103
16469,25.938
16470,26.149
16471,26.082
16472,26.025
16473,26.015
16474,25.932
16475,25.927
16476,25.943
16477,25.881
16478,25.84
16479,25.824
16480,26.236
16481,26.421
16482,26.411
16483,26.416
16484,26.637
16485,26.55
16486,26.713
16487,26.652
16488,26.847
16489,26.887
16490,27.102
16491,27.097
16492,27.143
16493,27.392
16494,27.474
16495,27.479
16496,27.717
16497,27.864
16498,28.021
16499,28.183
16500,28.4
16501,28.747
16502,29.023
16503,29.168
16504,29.548
16505,29.762
16506,30.061
16507,30.329
16508,30.862
16509,31.0
16510,31.3
16511,31.594
16512,31.873
16513,32.073
16514,32.083
16515,32.317
16516,32.341
16517,32.521
16518,32.497
16519,32.526
16520,32.579
16521,32.831
16522,32.73
16523,32.565
16524,32.511
16525,32.613
16526,32.472
16527,32.453
16528,32.37
16529,32.385
16530,32.385
16531,32.458
16532,32.433
16533,32.599
16534,32.229
16535,32.112
16536,32.39
16537,32.171
16538,32.137
16539,32.146
16540,32.176
16541,32.399
16542,32.375
16543,32.467
16544,32.458
16545,32.302
16546,32.273
16547,32.112
16548,31.956
16549,32.146
16550,32.137
16551,32.073
16552,32.185
16553,32.375
16554,32.302
16555,32.2
16556,32.244
16557,32.2
16558,32.117
16559,32.2
16560,32.249
16561,32.365
16562,32.433
16563,32.531
16564,32.419
16565,32.205
16566,32.19
16567,32.059
16568,32.083
16569,31.814
16570,31.912
16571,32.117
16572,31.971
16573,31.932
16574,31.927
16575,31.961
16576,31.941
16577,31.702
16578,31.555
16579,31.575
16580,31.418
16581,31.423
16582,31.575
16583,31.746
16584,31.472
16585,31.428
16586,31.143
16587,31.285
16588,31.374
16589,31.266
16590,31.128
16591,31.202
16592,31.207
16593,31.182
16594,31.059
16595,30.818
16596,30.225
16597,29.658
16598,29.053
16599,28.561
16600,28.339
16601,28.143
16602,27.945
16603,27.88
16604,27.667
16605,27.555
16606,27.377
16607,27.346
16608,27.03
16609,27.148
16610,26.964
16611,26.806
16612,26.795
16613,26.698
16614,26.55
16615,26.534
16616,26.437
16617,26.344
16618,26.252
16619,26.283
16620,26.272
16621,26.211
16622,26.205
16623,26.211
16624,26.169
16625,26.087
16626,26.103
16627,26.113
16628,26.087
16629,26.118
16630,26.015
16631,26.02
16632,25.922
16633,25.917
16634,25.974
16635,25.855
16636,25.927
16637,25.829
16638,25.953
16639,25.855
16640,26.231
16641,26.38
16642,26.416
16643,26.483
16644,26.488
16645,26.719
16646,26.678
16647,26.739
16648,26.826
16649,27.036
16650,27.03
16651,27.204
16652,27.194
16653,27.352
16654,27.408
16655,27.433
16656,27.88
16657,28.052
16658,28.057
16659,28.264
16660,28.435
16661,28.672
16662,28.943
16663,29.359
16664,29.388
16665,29.782
16666,30.041
16667,30.348
16668,30.66
16669,30.907
16670,31.359
16671,31.614
16672,31.761
16673,31.922
16674,32.098
16675,32.263
16676,32.36
16677,32.39
16678,32.38
16679,32.569
16680,32.56
16681,32.613
16682,32.56
16683,32.443
16684,32.356
16685,32.521
16686,32.613
16687,32.414
16688,32.458
16689,32.39
16690,32.438
16691,32.395
16692,32.351
16693,32.443
16694,32.312
16695,32.151
16696,32.151
16697,32.034
16698,32.127
16699,32.044
16700,32.024
16701,32.317
16702,32.307
16703,32.467
16704,32.448
16705,32.263
16706,32.244
16707,32.039
16708,32.068
16709,31.98
16710,32.054
16711,31.951
16712,32.078
16713,32.195
16714,32.185
16715,32.341
16716,32.239
16717,32.132
16718,32.01
16719,32.132
16720,32.37
16721,32.375
16722,32.336
16723,32.574
16724,32.21
16725,32.2
16726,32.078
16727,32.059
16728,31.805
16729,31.761
16730,31.775
16731,31.868
16732,32.02
16733,31.912
16734,31.971
16735,31.8
16736,31.78
16737,31.496
16738,31.633
16739,31.501
16740,31.482
16741,31.56
16742,31.722
16743,31.785
16744,31.398
16745,31.447
16746,31.162
16747,31.231
16748,31.379
16749,31.138
16750,31.212
16751,31.182
16752,31.271
16753,31.123
16754,31.01
16755,30.764
16756,30.21
16757,29.488
16758,29.038
16759,28.445
16760,28.355
16761,28.057
16762,27.925
16763,27.768
16764,27.55
16765,27.58
16766,27.26
16767,27.306
16768,27.02
16769,27.02
16770,26.836
16771,26.765
16772,26.724
16773,26.601
16774,26.57
16775,26.478
16776,26.36
16777,26.355
16778,26.38
16779,26.231
16780,26.303
16781,26.319
16782,26.113
16783,26.144
16784,26.092
16785,26.082
16786,26.03
16787,26.087
16788,26.046
16789,26.046
16790,25.943
16791,25.989
16792,25.917
16793,25.948
16794,25.912
16795,25.886
16796,25.907
16797,25.845
16798,25.881
16799,25.798
16800,26.293
16801,26.319
16802,26.365
16803,26.447
16804,26.483
16805,26.647
16806,26.703
16807,26.719
16808,27.0
16809,26.949
16810,27.132
16811,27.127
16812,27.311
16813,27.25
16814,27.489
16815,27.53
16816,27.849
16817,27.849
16818,28.097
16819,28.324
16820,28.551
16821,28.637
16822,28.948
16823,29.093
16824,29.413
16825,29.807
16826,30.011
16827,30.487
16828,30.744
16829,30.976
16830,31.236
16831,31.482
16832,31.717
16833,31.932
16834,32.088
16835,32.093
16836,32.161
16837,32.365
16838,32.521
16839,32.443
16840,32.438
16841,32.531
16842,32.511
16843,32.492
16844,32.404
16845,32.56
16846,32.608
16847,32.404
16848,32.458
16849,32.322
16850,32.39
16851,32.395
16852,32.317
16853,32.176
16854,32.146
16855,31.897
16856,31.932
16857,32.107
16858,31.917
16859,31.844
16860,31.844
16861,32.132
16862,32.268
16863,32.146
16864,32.268
16865,32.365
16866,32.195
16867,32.117
16868,32.01
16869,32.063
16870,32.132
16871,31.878
16872,31.927
16873,32.146
16874,32.185
16875,32.307
16876,32.195
16877,32.034
16878,32.02
16879,31.971
16880,32.166
16881,32.331
16882,32.652
16883,32.448
16884,32.2
16885,32.049
16886,31.951
16887,31.976
16888,31.863
16889,31.81
16890,31.766
16891,31.722
16892,31.98
16893,31.78
16894,31.653
16895,31.805
16896,31.58
16897,31.707
16898,31.629
16899,31.531
16900,31.643
16901,31.814
16902,31.834
16903,31.726
16904,31.388
16905,31.236
16906,31.103
16907,31.266
16908,31.212
16909,31.236
16910,31.226
16911,31.241
16912,31.251
16913,31.271
16914,30.936
16915,30.759
16916,30.115
16917,29.359
16918,28.802
16919,28.627
16920,28.173
16921,28.148
16922,27.869
16923,27.773
16924,27.575
16925,27.575
16926,27.255
16927,27.26
16928,27.046
16929,27.071
16930,26.928
16931,26.739
16932,26.785
16933,26.585
16934,26.662
16935,26.524
16936,26.452
16937,26.442
16938,26.344
16939,26.231
16940,26.308
16941,26.19
16942,26.231
16943,26.221
16944,26.221
16945,26.108
16946,26.108
16947,26.169
16948,26.118
16949,26.015
16950,25.989
16951,26.01
16952,25.943
16953,25.927
16954,25.953
16955,25.85
16956,25.803
16957,25.969
16958,25.798
16959,25.783
16960,26.334
16961,26.432
16962,26.483
16963,26.432
16964,26.632
16965,26.616
16966,26.621
16967,26.836
16968,26.872
16969,27.01
16970,27.081
16971,27.219
16972,27.316
16973,27.423
16974,27.458
16975,27.463
16976,27.773
16977,27.89
16978,28.092
16979,28.314
16980,28.481
16981,28.657
16982,28.913
16983,29.108
16984,29.388
16985,29.812
16986,30.071
16987,30.229
16988,30.635
16989,30.971
16990,31.241
16991,31.54
16992,31.736
16993,32.078
16994,32.102
16995,32.01
16996,32.146
16997,32.244
16998,32.351
16999,32.584
17000,32.458
17001,32.545
17002,32.521
17003,32.424
17004,32.404
17005,32.399
17006,32.453
17007,32.506
17008,32.497
17009,32.317
17010,32.283
17011,32.399
17012,32.331
17013,32.19
17014,32.141
17015,31.946
17016,31.741
17017,31.741
17018,31.917
17019,31.785
17020,31.8
17021,32.034
17022,32.102
17023,32.132
17024,32.19
17025,32.127
17026,32.195
17027,32.088
17028,32.039
17029,31.99
17030,31.966
17031,32.005
17032,31.951
17033,32.156
17034,32.234
17035,32.356
17036,32.214
17037,32.122
17038,32.063
17039,31.99
17040,32.112
17041,32.244
17042,32.565
17043,32.205
17044,32.083
17045,31.849
17046,31.966
17047,31.858
17048,31.751
17049,31.731
17050,31.81
17051,31.907
17052,31.966
17053,31.863
17054,31.741
17055,31.8
17056,31.643
17057,31.633
17058,31.531
17059,31.653
17060,31.839
17061,31.878
17062,31.785
17063,31.452
17064,31.32
17065,31.153
17066,31.325
17067,31.29
17068,31.108
17069,31.172
17070,31.334
17071,31.276
17072,31.285
17073,31.256
17074,30.995
17075,30.66
17076,29.996
17077,29.354
17078,28.823
17079,28.627
17080,28.319
17081,28.107
17082,27.869
17083,27.809
17084,27.636
17085,27.545
17086,27.402
17087,27.194
17088,27.046
17089,26.949
17090,26.857
17091,26.877
17092,26.647
17093,26.657
17094,26.509
17095,26.488
17096,26.483
17097,26.365
17098,26.349
17099,26.272
17100,26.247
17101,26.195
17102,26.283
17103,26.18
17104,26.19
17105,26.092
17106,26.015
17107,26.087
17108,26.02
17109,26.01
17110,25.84
17111,25.917
17112,25.907
17113,25.974
17114,25.865
17115,25.943
17116,25.834
17117,25.84
17118,25.824
17119,25.84
17120,26.303
17121,26.437
17122,26.416
17123,26.385
17124,26.493
17125,26.77
17126,26.708
17127,26.734
17128,26.816
17129,27.056
17130,27.071
17131,27.199
17132,27.341
17133,27.296
17134,27.463
17135,27.611
17136,27.738
17137,27.819
17138,28.052
17139,28.304
17140,28.46
17141,28.596
17142,28.923
17143,29.143
17144,29.453
17145,29.792
17146,29.966
17147,30.269
17148,30.67
17149,30.941
17150,31.212
17151,31.374
17152,31.814
17153,31.785
17154,32.059
17155,32.083
17156,32.146
17157,32.234
17158,32.253
17159,32.39
17160,32.599
17161,32.642
17162,32.642
17163,32.516
17164,32.365
17165,32.346
17166,32.346
17167,32.613
17168,32.429
17169,32.443
17170,32.297
17171,32.312
17172,32.419
17173,32.083
17174,31.941
17175,31.726
17176,31.731
17177,31.629
17178,31.78
17179,31.575
17180,31.717
17181,32.059
17182,32.102
17183,32.02
17184,32.205
17185,32.19
17186,32.244
17187,32.059
17188,32.229
17189,32.054
17190,32.0
17191,32.078
17192,32.059
17193,32.253
17194,32.224
17195,32.501
17196,32.161
17197,32.21
17198,32.029
17199,32.039
17200,32.132
17201,32.404
17202,32.453
17203,32.127
17204,31.902
17205,31.79
17206,31.795
17207,31.805
17208,31.741
17209,31.81
17210,31.829
17211,31.912
17212,31.79
17213,31.79
17214,31.756
17215,31.775
17216,31.878
17217,31.746
17218,31.56
17219,31.824
17220,31.976
17221,31.844
17222,31.785
17223,31.589
17224,31.153
17225,31.226
17226,31.251
17227,31.246
17228,31.148
17229,31.354
17230,31.423
17231,31.437
17232,31.462
17233,31.103
17234,31.03
17235,30.531
17236,29.847
17237,29.364
17238,28.838
17239,28.39
17240,28.249
17241,27.991
17242,27.89
17243,27.748
17244,27.56
17245,27.54
17246,27.301
17247,27.224
17248,27.087
17249,27.02
17250,26.903
17251,26.79
17252,26.626
17253,26.611
17254,26.478
17255,26.621
17256,26.524
17257,26.421
17258,26.262
17259,26.339
17260,26.298
17261,26.241
17262,26.154
17263,26.226
17264,26.195
17265,26.061
17266,25.963
17267,26.128
17268,25.938
17269,25.969
17270,26.036
17271,25.917
17272,26.0
17273,25.917
17274,25.814
17275,25.819
17276,25.984
17277,25.907
17278,25.829
17279,25.902
17280,26.221
17281,26.437
17282,26.432
17283,26.493
17284,26.626
17285,26.719
17286,26.806
17287,26.698
17288,26.903
17289,27.046
17290,27.036
17291,27.132
17292,27.24
17293,27.494
17294,27.535
17295,27.585
17296,27.778
17297,27.91
17298,28.062
17299,28.284
17300,28.435
17301,28.707
17302,28.923
17303,29.138
17304,29.508
17305,29.668
17306,29.872
17307,30.051
17308,30.522
17309,30.907
17310,31.162
17311,31.388
17312,31.477
17313,31.746
17314,32.024
17315,32.161
17316,32.098
17317,32.214
17318,32.166
17319,32.39
17320,32.467
17321,32.506
17322,32.555
17323,32.419
17324,32.346
17325,32.37
17326,32.336
17327,32.579
17328,32.535
17329,32.511
17330,32.297
17331,32.278
17332,32.341
17333,32.093
17334,31.741
17335,31.663
17336,31.565
17337,31.55
17338,31.712
17339,31.477
17340,31.687
17341,32.01
17342,32.029
17343,32.0
17344,32.093
17345,32.219
17346,32.351
17347,32.171
17348,32.19
17349,32.098
17350,32.19
17351,32.102
17352,32.044
17353,32.263
17354,32.239
17355,32.438
17356,32.059
17357,32.112
17358,31.961
17359,31.941
17360,32.122
17361,32.443
17362,32.2
17363,32.063
17364,31.937
17365,31.77
17366,31.863
17367,31.751
17368,31.731
17369,31.717
17370,31.766
17371,31.814
17372,31.726
17373,31.775
17374,31.922
17375,31.858
17376,31.79
17377,31.599
17378,31.751
17379,31.893
17380,32.015
17381,31.844
17382,31.506
17383,31.403
17384,31.177
17385,31.295
17386,31.167
17387,31.285
17388,31.423
17389,31.462
17390,31.398
17391,31.452
17392,31.457
17393,31.192
17394,30.808
17395,30.571
17396,29.842
17397,29.204
17398,28.792
17399,28.45
17400,28.163
17401,28.047
17402,27.905
17403,27.519
17404,27.616
17405,27.306
17406,27.234
17407,27.234
17408,26.984
17409,26.939
17410,26.887
17411,26.877
17412,26.683
17413,26.683
17414,26.565
17415,26.478
17416,26.442
17417,26.375
17418,26.303
17419,26.365
17420,26.288
17421,26.159
17422,26.128
17423,26.113
17424,26.195
17425,26.128
17426,26.092
17427,26.066
17428,25.994
17429,25.974
17430,26.123
17431,26.025
17432,25.989
17433,25.824
17434,25.84
17435,25.886
17436,25.809
17437,25.829
17438,25.788
17439,25.881
17440,26.2
17441,26.442
17442,26.467
17443,26.462
17444,26.591
17445,26.647
17446,26.754
17447,26.816
17448,26.939
17449,26.918
17450,27.036
17451,27.255
17452,27.189
17453,27.362
17454,27.458
17455,27.631
17456,27.819
17457,27.93
17458,28.127
17459,28.264
17460,28.46
17461,28.662
17462,28.903
17463,29.259
17464,29.463
17465,29.723
17466,29.887
17467,30.026
17468,30.388
17469,30.773
17470,31.133
17471,31.28
17472,31.442
17473,31.682
17474,32.005
17475,32.137
17476,32.185
17477,32.117
17478,32.122
17479,32.229
17480,32.307
17481,32.404
17482,32.511
17483,32.424
17484,32.365
17485,32.404
17486,32.531
17487,32.565
17488,32.671
17489,32.613
17490,32.565
17491,32.249
17492,32.239
17493,31.966
17494,31.702
17495,31.629
17496,31.496
17497,31.594
17498,31.531
17499,31.535
17500,31.56
17501,31.985
17502,32.039
17503,32.049
17504,32.161
17505,32.21
17506,32.054
17507,32.161
17508,32.171
17509,32.029
17510,32.161
17511,32.132
17512,32.117
17513,32.273
17514,32.278
17515,32.19
17516,31.883
17517,32.078
17518,32.044
17519,32.039
17520,31.995
17521,32.448
17522,32.059
17523,31.932
17524,31.854
17525,31.795
17526,31.819
17527,31.77
17528,31.775
17529,31.81
17530,31.814
17531,31.81
17532,31.873
17533,31.956
17534,31.863
17535,31.878
17536,31.599
17537,31.658
17538,31.854
17539,31.897
17540,31.829
17541,31.663
17542,31.516
17543,31.349
17544,31.148
17545,31.423
17546,31.339
17547,31.388
17548,31.433
17549,31.482
17550,31.437
17551,31.633
17552,31.501
17553,31.153
17554,30.823
17555,30.487
17556,29.847
17557,29.269
17558,28.617
17559,28.355
17560,28.269
17561,28.036
17562,27.829
17563,27.717
17564,27.535
17565,27.448
17566,27.178
17567,27.296
17568,27.102
17569,27.01
17570,26.841
17571,26.754
17572,26.76
17573,26.647
17574,26.488
17575,26.585
17576,26.355
17577,26.39
17578,26.267
17579,26.308
17580,26.154
17581,26.241
17582,26.19
17583,26.154
17584,26.205
17585,26.113
17586,25.974
17587,26.025
17588,26.041
17589,25.989
17590,26.01
17591,25.974
17592,25.876
17593,25.917
17594,25.896
17595,25.829
17596,25.829
17597,25.876
17598,25.876
17599,25.803
17600,26.329
17601,26.262
17602,26.421
17603,26.442
17604,26.529
17605,26.611
17606,26.77
17607,26.847
17608,26.933
17609,26.882
17610,26.974
17611,27.24
17612,27.209
17613,27.413
17614,27.474
17615,27.667
17616,27.773
17617,27.986
17618,28.052
17619,28.309
17620,28.465
17621,28.561
17622,28.918
17623,29.073
17624,29.244
17625,29.653
17626,29.862
17627,30.105
17628,30.358
17629,30.729
17630,31.069
17631,31.212
17632,31.491
17633,31.712
17634,31.883
17635,32.073
17636,32.205
17637,31.951
17638,32.039
17639,32.093
17640,32.044
17641,32.258
17642,32.472
17643,32.472
17644,32.36
17645,32.399
17646,32.584
17647,32.482
17648,32.652
17649,32.652
17650,32.545
17651,32.336
17652,32.146
17653,31.932
17654,31.54
17655,31.482
17656,31.452
17657,31.565
17658,31.477
17659,31.501
17660,31.491
17661,31.849
17662,32.015
17663,32.19
17664,32.156
17665,32.239
17666,32.205
17667,32.205
17668,32.063
17669,32.068
17670,32.073
17671,32.268
17672,32.273
17673,32.268
17674,32.283
17675,32.239
17676,31.893
17677,32.107
17678,32.015
17679,32.073
17680,32.263
17681,32.224
17682,32.151
17683,31.834
17684,31.81
17685,31.8
17686,31.849
17687,31.839
17688,31.849
17689,31.775
17690,31.717
17691,31.844
17692,31.976
17693,31.951
17694,31.858
17695,31.653
17696,31.594
17697,31.731
17698,31.702
17699,31.878
17700,31.819
17701,31.501
17702,31.457
17703,31.256
17704,31.398
17705,31.477
17706,31.285
17707,31.447
17708,31.344
17709,31.486
17710,31.766
17711,31.629
17712,31.379
17713,31.148
17714,31.01
17715,30.408
17716,29.483
17717,29.063
17718,28.491
17719,28.46
17720,28.173
17721,27.91
17722,27.885
17723,27.662
17724,27.545
17725,27.387
17726,27.306
17727,27.24
17728,27.112
17729,26.877
17730,26.816
17731,26.826
17732,26.8
17733,26.821
17734,26.616
17735,26.55
17736,26.437
17737,26.349
17738,26.267
17739,26.185
17740,26.247
17741,26.175
17742,26.118
17743,26.18
17744,26.061
17745,26.139
17746,26.072
17747,26.072
17748,26.0
17749,25.979
17750,26.01
17751,25.979
17752,26.103
17753,25.778
17754,25.958
17755,25.881
17756,25.891
17757,25.829
17758,25.891
17759,25.803
17760,26.375
17761,26.288
17762,26.555
17763,26.452
17764,26.596
17765,26.673
17766,26.749
17767,26.867
17768,26.795
17769,26.877
17770,27.041
17771,27.24
17772,27.296
17773,27.387
17774,27.53
17775,27.601
17776,27.743
17777,27.95
17778,28.082
17779,28.203
17780,28.44
17781,28.521
17782,28.712
17783,29.003
17784,29.309
17785,29.533
17786,29.812
17787,30.101
17788,30.348
17789,30.759
17790,30.956
17791,31.29
17792,31.506
17793,31.629
17794,31.673
17795,31.976
17796,32.0
17797,32.024
17798,32.098
17799,31.98
17800,31.995
17801,32.005
17802,32.312
17803,32.433
17804,32.263
17805,32.288
17806,32.589
17807,32.633
17808,32.55
17809,32.56
17810,32.584
17811,32.268
17812,32.156
17813,31.653
17814,31.54
17815,31.359
17816,31.457
17817,31.442
17818,31.413
17819,31.349
17820,31.496
17821,31.868
17822,32.044
17823,32.141
17824,32.195
17825,32.088
17826,32.078
17827,32.176
17828,32.132
17829,32.063
17830,32.229
17831,32.278
17832,32.292
17833,32.526
17834,32.19
17835,32.146
17836,31.917
17837,32.015
17838,32.063
17839,32.122
17840,32.433
17841,32.375
17842,31.971
17843,31.775
17844,31.775
17845,31.922
17846,31.77
17847,31.741
17848,31.951
17849,31.819
17850,31.77
17851,31.839
17852,31.839
17853,31.702
17854,31.619
17855,31.638
17856,31.526
17857,31.388
17858,31.663
17859,31.717
17860,31.501
17861,31.403
17862,31.33
17863,31.325
17864,31.315
17865,31.285
17866,31.271
17867,31.261
17868,31.428
17869,31.697
17870,31.78
17871,31.506
17872,31.3
17873,31.138
17874,30.857
17875,30.304
17876,29.458
17877,28.923
17878,28.496
17879,28.223
17880,28.188
17881,27.839
17882,27.748
17883,27.743
17884,27.499
17885,27.346
17886,27.311
17887,27.214
17888,26.969
17889,26.898
17890,26.744
17891,26.887
17892,26.688
17893,26.57
17894,26.596
17895,26.38
17896,26.344
17897,26.175
17898,26.339
17899,26.267
17900,26.18
17901,26.128
17902,26.128
17903,26.118
17904,26.144
17905,26.144
17906,26.139
17907,26.036
17908,26.051
17909,25.974
17910,25.984
17911,25.958
17912,25.922
17913,25.943
17914,25.788
17915,25.757
17916,25.803
17917,25.85
17918,25.891
17919,25.912
17920,26.437
17921,26.493
17922,26.437
17923,26.457
17924,26.56
17925,26.514
17926,26.713
17927,26.749
17928,26.918
17929,26.959
17930,27.168
17931,27.29
17932,27.245
17933,27.382
17934,27.326
17935,27.677
17936,27.662
17937,27.799
17938,27.945
17939,28.274
17940,28.4
17941,28.486
17942,28.692
17943,29.013
17944,29.359
17945,29.663
17946,29.723
17947,29.922
17948,30.383
17949,30.734
17950,30.833
17951,31.388
17952,31.452
17953,31.531
17954,31.682
17955,31.849
17956,31.951
17957,32.083
17958,32.068
17959,32.049
17960,32.083
17961,32.015
17962,32.068
17963,32.268
17964,32.278
17965,32.258
17966,32.424
17967,32.409
17968,32.458
17969,32.628
17970,32.326
17971,32.258
17972,31.917
17973,31.638
17974,31.457
17975,31.305
17976,31.349
17977,31.457
17978,31.545
17979,31.29
17980,31.56
17981,31.707
17982,31.834
17983,32.088
17984,32.127
17985,32.278
17986,31.98
17987,32.171
17988,32.219
17989,31.995
17990,32.151
17991,32.297
17992,32.336
17993,32.258
17994,32.336
17995,32.02
17996,31.81
17997,31.897
17998,32.0
17999,32.171
18000,32.375
18001,32.438
18002,32.132
18003,31.77
18004,31.917
18005,31.951
18006,31.726
18007,31.849
18008,31.858
18009,31.751
18010,31.736
18011,32.054
18012,31.8
18013,31.545
18014,31.57
18015,31.55
18016,31.467
18017,31.55
18018,31.575
18019,31.526
18020,31.565
18021,31.413
18022,31.354
18023,31.364
18024,31.266
18025,31.236
18026,31.064
18027,31.398
18028,31.638
18029,31.702
18030,31.712
18031,31.491
18032,31.349
18033,31.113
18034,30.507
18035,30.081
18036,29.403
18037,28.823
18038,28.455
18039,28.259
18040,27.961
18041,27.697
18042,27.687
18043,27.606
18044,27.418
18045,27.392
18046,27.255
18047,27.265
18048,26.974
18049,26.857
18050,26.754
18051,26.724
18052,26.616
18053,26.683
18054,26.555
18055,26.349
18056,26.339
18057,26.308
18058,26.247
18059,26.252
18060,26.128
18061,26.205
18062,26.139
18063,26.118
18064,26.144
18065,26.108
18066,26.036
18067,26.087
18068,26.097
18069,25.994
18070,25.902
18071,25.927
18072,25.963
18073,26.015
18074,25.886
18075,25.834
18076,25.793
18077,25.803
18078,25.788
18079,25.793
18080,26.509
18081,26.375
18082,26.462
18083,26.514
18084,26.565
18085,26.575
18086,26.724
18087,26.872
18088,26.933
18089,27.051
18090,27.189
18091,27.173
18092,27.26
18093,27.336
18094,27.57
18095,27.585
18096,27.682
18097,27.9
18098,28.047
18099,28.148
18100,28.425
18101,28.647
18102,28.682
18103,29.088
18104,29.219
18105,29.383
18106,29.563
18107,29.867
18108,30.244
18109,30.685
18110,30.941
18111,31.197
18112,31.433
18113,31.54
18114,31.624
18115,31.717
18116,31.814
18117,32.0
18118,32.029
18119,32.015
18120,32.059
18121,32.0
18122,32.039
18123,32.132
18124,32.317
18125,32.219
18126,32.302
18127,32.263
18128,32.19
18129,32.56
18130,32.419
18131,32.195
18132,31.927
18133,31.663
18134,31.477
18135,31.31
18136,31.32
18137,31.374
18138,31.408
18139,31.28
18140,31.501
18141,31.756
18142,31.824
18143,32.049
18144,32.107
18145,32.18
18146,32.083
18147,32.034
18148,32.195
18149,32.024
18150,31.995
18151,32.224
18152,32.292
18153,32.346
18154,32.068
18155,31.961
18156,31.868
18157,31.976
18158,32.044
18159,32.166
18160,32.501
18161,32.477
18162,31.951
18163,31.897
18164,31.99
18165,31.951
18166,31.888
18167,31.985
18168,31.814
18169,31.682
18170,31.922
18171,31.927
18172,31.653
18173,31.692
18174,31.398
18175,31.433
18176,31.506
18177,31.589
18178,31.619
18179,31.643
18180,31.638
18181,31.516
18182,31.285
18183,31.276
18184,31.197
18185,31.158
18186,31.212
18187,31.516
18188,31.731
18189,31.712
18190,31.677
18191,31.496
18192,31.32
18193,30.857
18194,30.546
18195,29.797
18196,29.113
18197,28.757
18198,28.481
18199,28.127
18200,27.971
18201,27.793
18202,27.783
18203,27.611
18204,27.387
18205,27.58
18206,27.245
18207,27.143
18208,26.939
18209,26.933
18210,26.775
18211,26.698
18212,26.667
18213,26.555
18214,26.56
18215,26.411
18216,26.375
18217,26.283
18218,26.236
18219,26.2
18220,26.185
18221,26.169
18222,26.211
18223,26.092
18224,26.103
18225,26.066
18226,26.03
18227,26.216
18228,26.061
18229,25.984
18230,25.922
18231,25.912
18232,25.84
18233,25.989
18234,25.974
18235,25.845
18236,25.788
18237,25.803
18238,25.876
18239,25.726
18240,26.37
18241,26.432
18242,26.432
18243,26.55
18244,26.601
18245,26.555
18246,26.565
18247,26.76
18248,26.836
18249,27.01
18250,27.081
18251,27.194
18252,27.352
18253,27.397
18254,27.469
18255,27.616
18256,27.606
18257,28.001
18258,28.047
18259,28.249
18260,28.37
18261,28.561
18262,28.722
18263,28.943
18264,29.219
18265,29.443
18266,29.688
18267,29.852
18268,30.071
18269,30.556
18270,30.828
18271,31.221
18272,31.271
18273,31.531
18274,31.638
18275,31.629
18276,31.829
18277,31.917
18278,31.937
18279,32.054
18280,31.868
18281,31.995
18282,32.107
18283,32.151
18284,32.317
18285,32.166
18286,32.336
18287,32.278
18288,32.346
18289,32.506
18290,32.395
18291,32.195
18292,31.932
18293,31.941
18294,31.423
18295,31.305
18296,31.339
18297,31.325
18298,31.315
18299,31.379
18300,31.423
18301,31.604
18302,31.78
18303,31.834
18304,32.01
18305,32.137
18306,32.039
18307,31.961
18308,32.288
18309,31.937
18310,31.805
18311,32.068
18312,32.278
18313,32.326
18314,31.956
18315,31.922
18316,31.907
18317,32.122
18318,31.902
18319,32.141
18320,32.477
18321,32.409
18322,32.029
18323,31.99
18324,32.015
18325,31.766
18326,31.985
18327,31.966
18328,31.814
18329,31.761
18330,32.01
18331,31.766
18332,31.8
18333,31.668
18334,31.624
18335,31.423
18336,31.344
18337,31.658
18338,31.614
18339,31.722
18340,31.428
18341,31.433
18342,31.192
18343,31.28
18344,31.113
18345,31.113
18346,31.482
18347,31.56
18348,31.55
18349,31.56
18350,31.643
18351,31.408
18352,31.158
18353,30.665
18354,30.329
18355,29.723
18356,29.093
18357,28.772
18358,28.41
18359,28.072
18360,27.935
18361,27.799
18362,27.524
18363,27.57
18364,27.357
18365,27.107
18366,27.097
18367,27.107
18368,27.036
18369,26.821
18370,26.867
18371,26.852
18372,26.606
18373,26.611
18374,26.488
18375,26.503
18376,26.452
18377,26.313
18378,26.2
18379,26.288
18380,26.164
18381,26.221
18382,26.164
18383,26.087
18384,26.113
18385,26.128
18386,26.097
18387,26.051
18388,25.907
18389,26.036
18390,25.958
18391,25.881
18392,25.891
18393,25.922
18394,25.84
18395,25.783
18396,25.803
18397,25.788
18398,25.705
18399,25.819
18400,26.39
18401,26.319
18402,26.534
18403,26.529
18404,26.58
18405,26.601
18406,26.775
18407,26.78
18408,26.877
18409,27.046
18410,27.056
18411,27.219
18412,27.372
18413,27.387
18414,27.54
18415,27.631
18416,27.773
18417,27.854
18418,27.996
18419,28.183
18420,28.43
18421,28.526
18422,28.782
18423,28.933
18424,29.214
18425,29.319
18426,29.648
18427,29.787
18428,30.101
18429,30.462
18430,30.803
18431,30.995
18432,31.398
18433,31.614
18434,31.643
18435,31.624
18436,31.604
18437,31.956
18438,31.917
18439,31.956
18440,32.083
18441,31.995
18442,32.005
18443,32.185
18444,32.195
18445,32.244
18446,32.307
18447,32.365
18448,32.263
18449,32.317
18450,32.375
18451,32.185
18452,32.059
18453,31.878
18454,31.472
18455,31.408
18456,31.359
18457,31.359
18458,31.31
18459,31.315
18460,31.643
18461,31.677
18462,31.717
18463,31.873
18464,32.078
18465,32.029
18466,31.917
18467,31.995
18468,32.19
18469,31.961
18470,31.741
18471,32.107
18472,32.399
18473,32.278
18474,31.995
18475,31.98
18476,31.868
18477,32.034
18478,31.976
18479,32.093
18480,32.346
18481,32.234
18482,31.985
18483,32.083
18484,32.117
18485,31.917
18486,32.122
18487,32.02
18488,31.912
18489,32.054
18490,32.0
18491,31.79
18492,31.766
18493,31.81
18494,31.501
18495,31.624
18496,31.722
18497,31.736
18498,31.663
18499,31.653
18500,31.501
18501,31.3
18502,31.123
18503,31.153
18504,31.099
18505,31.217
18506,31.354
18507,31.506
18508,31.555
18509,31.638
18510,31.535
18511,31.31
18512,31.044
18513,30.606
18514,30.343
18515,29.588
18516,29.028
18517,28.702
18518,28.375
18519,28.122
18520,27.935
18521,27.743
18522,27.702
18523,27.585
18524,27.372
18525,27.362
18526,27.173
18527,27.132
18528,26.99
18529,26.852
18530,26.898
18531,26.821
18532,26.657
18533,26.555
18534,26.514
18535,26.432
18536,26.421
18537,26.339
18538,26.313
18539,26.308
18540,26.185
18541,26.133
18542,26.18
18543,26.072
18544,26.03
18545,26.164
18546,26.113
18547,26.108
18548,26.051
18549,25.912
18550,25.927
18551,25.922
18552,25.855
18553,25.809
18554,25.814
18555,25.896
18556,25.757
18557,25.85
18558,25.85
18559,25.7
18560,26.509
18561,26.401
18562,26.565
18563,26.56
18564,26.55
18565,26.591
18566,26.719
18567,26.811
18568,27.015
18569,26.99
18570,27.066
18571,27.209
18572,27.296
18573,27.423
18574,27.58
18575,27.636
18576,27.738
18577,27.9
18578,27.991
18579,28.294
18580,28.465
18581,28.642
18582,28.757
18583,28.863
18584,29.229
18585,29.468
18586,29.518
18587,29.857
18588,30.229
18589,30.413
18590,30.739
18591,30.99
18592,31.271
18593,31.56
18594,31.584
18595,31.761
18596,31.785
18597,31.81
18598,31.878
18599,31.98
18600,31.99
18601,31.976
18602,32.024
18603,32.239
18604,32.273
18605,32.2
18606,32.302
18607,32.297
18608,32.312
18609,32.258
18610,32.253
18611,32.214
18612,32.244
18613,31.985
18614,31.756
18615,31.418
18616,31.486
18617,31.418
18618,31.266
18619,31.437
18620,31.482
18621,31.624
18622,31.584
18623,31.863
18624,32.015
18625,31.961
18626,31.849
18627,32.015
18628,32.034
18629,32.078
18630,31.829
18631,32.132
18632,32.234
18633,32.068
18634,32.083
18635,32.107
18636,32.029
18637,32.049
18638,31.956
18639,31.98
18640,32.268
18641,32.088
18642,32.224
18643,32.117
18644,31.888
18645,31.951
18646,31.902
18647,32.049
18648,32.005
18649,32.005
18650,31.79
18651,31.775
18652,31.937
18653,31.761
18654,31.658
18655,31.682
18656,31.746
18657,31.785
18658,31.736
18659,31.55
18660,31.393
18661,31.226
18662,31.113
18663,31.251
18664,31.221
18665,31.177
18666,31.379
18667,31.589
18668,31.648
18669,31.624
18670,31.398
18671,31.177
18672,30.995
18673,30.665
18674,30.229
18675,29.548
18676,28.968
18677,28.692
18678,28.4
18679,28.102
18680,27.804
18681,27.783
18682,27.662
18683,27.53
18684,27.54
18685,27.285
18686,27.097
18687,27.163
18688,27.066
18689,26.984
18690,26.754
18691,26.847
18692,26.596
18693,26.662
18694,26.401
18695,26.462
18696,26.452
18697,26.39
18698,26.396
18699,26.231
18700,26.252
18701,26.277
18702,26.185
18703,26.262
18704,26.216
18705,26.319
18706,26.216
18707,26.066
18708,26.025
18709,25.917
18710,25.902
18711,25.922
18712,25.855
18713,25.994
18714,25.896
18715,25.819
18716,25.845
18717,25.902
18718,25.783
18719,25.793
18720,26.319
18721,26.416
18722,26.385
18723,26.539
18724,26.591
18725,26.596
18726,26.77
18727,26.78
18728,26.821
18729,26.872
18730,27.036
18731,27.199
18732,27.189
18733,27.408
18734,27.494
18735,27.641
18736,27.722
18737,27.966
18738,28.001
18739,28.097
18740,28.38
18741,28.455
18742,28.792
18743,28.933
18744,29.234
18745,29.423
18746,29.613
18747,29.738
18748,30.125
18749,30.378
18750,30.591
18751,30.916
18752,31.118
18753,31.369
18754,31.54
18755,31.834
18756,31.873
18757,31.863
18758,31.863
18759,31.854
18760,31.995
18761,32.078
18762,32.102
18763,32.195
18764,32.21
18765,32.2
18766,32.258
18767,32.21
18768,32.516
18769,32.385
18770,32.195
18771,32.229
18772,32.356
18773,32.078
18774,31.863
18775,31.604
18776,31.442
18777,31.496
18778,31.418
18779,31.472
18780,31.599
18781,31.682
18782,31.594
18783,31.717
18784,31.922
18785,31.814
18786,31.785
18787,31.907
18788,32.005
18789,31.844
18790,31.643
18791,32.029
18792,32.083
18793,32.029
18794,31.927
18795,31.995
18796,31.99
18797,31.907
18798,31.883
18799,31.902
18800,32.068
18801,32.034
18802,32.083
18803,32.093
18804,31.917
18805,31.941
18806,31.824
18807,31.995
18808,32.039
18809,31.902
18810,31.81
18811,31.873
18812,31.883
18813,31.604
18814,31.653
18815,31.692
18816,31.619
18817,31.682
18818,31.408
18819,31.3
18820,31.108
18821,31.123
18822,31.29
18823,31.192
18824,31.01
18825,31.177
18826,31.442
18827,31.521
18828,31.521
18829,31.442
18830,31.3
18831,31.123
18832,30.798
18833,30.378
18834,29.981
18835,29.354
18836,28.918
18837,28.637
18838,28.153
18839,27.996
18840,27.91
18841,27.753
18842,27.677
18843,27.458
18844,27.402
18845,27.245
18846,27.163
18847,27.01
18848,26.939
18849,26.903
18850,26.734
18851,26.688
18852,26.601
18853,26.473
18854,26.503
18855,26.396
18856,26.349
18857,26.406
18858,26.406
18859,26.195
18860,26.252
18861,26.216
18862,26.221
18863,26.169
18864,26.046
18865,26.051
18866,26.02
18867,26.025
18868,26.097
18869,25.958
18870,25.953
18871,25.963
18872,25.871
18873,25.969
18874,25.85
18875,25.84
18876,25.886
18877,25.907
18878,25.778
18879,25.876
18880,26.437
18881,26.411
18882,26.411
18883,26.632
18884,26.585
18885,26.708
18886,26.775
18887,26.852
18888,26.923
18889,26.964
18890,27.132
18891,27.209
18892,27.209
18893,27.397
18894,27.524
18895,27.55
18896,27.849
18897,27.996
18898,28.087
18899,28.148
18900,28.334
18901,28.501
18902,28.627
18903,28.863
18904,29.108
18905,29.398
18906,29.603
18907,29.817
18908,30.026
18909,30.418
18910,30.64
18911,30.862
18912,31.153
18913,31.153
18914,31.418
18915,31.658
18916,31.849
18917,31.893
18918,31.854
18919,31.849
18920,31.854
18921,31.834
18922,32.088
18923,32.322
18924,32.317
18925,32.214
18926,32.21
18927,32.273
18928,32.297
18929,32.356
18930,32.253
18931,32.063
18932,32.253
18933,32.073
18934,31.795
18935,31.54
18936,31.614
18937,31.374
18938,31.457
18939,31.423
18940,31.477
18941,31.673
18942,31.526
18943,31.726
18944,32.044
18945,31.863
18946,31.673
18947,31.897
18948,31.976
18949,31.839
18950,31.726
18951,32.073
18952,32.088
18953,32.02
18954,31.966
18955,31.922
18956,31.932
18957,31.922
18958,31.868
18959,32.024
18960,32.054
18961,32.024
18962,32.039
18963,32.112
18964,31.78
18965,31.775
18966,31.858
18967,31.854
18968,31.858
18969,31.751
18970,31.819
18971,31.883
18972,31.746
18973,31.78
18974,31.697
18975,31.697
18976,31.604
18977,31.349
18978,31.138
18979,31.162
18980,31.02
18981,31.182
18982,30.985
18983,30.976
18984,31.153
18985,31.3
18986,31.413
18987,31.447
18988,31.437
18989,31.236
18990,31.182
18991,31.015
18992,30.62
18993,30.408
18994,29.862
18995,29.413
18996,28.838
18997,28.44
18998,28.163
18999,27.849
19000,27.809
19001,27.869
19002,27.565
19003,27.418
19004,27.331
19005,27.27
19006,27.138
19007,27.046
19008,27.036
19009,26.847
19010,26.806
19011,26.647
19012,26.647
19013,26.529
19014,26.503
19015,26.483
19016,26.38
19017,26.355
19018,26.36
19019,26.334
19020,26.288
19021,26.231
19022,26.185
19023,26.139
19024,26.133
19025,26.123
19026,26.077
19027,26.159
19028,26.087
19029,26.015
19030,26.041
19031,25.917
19032,25.912
19033,26.015
19034,25.824
19035,25.896
19036,25.798
19037,25.912
19038,25.757
19039,25.865
19040,26.416
19041,26.426
19042,26.421
19043,26.596
19044,26.591
19045,26.637
19046,26.754
19047,26.918
19048,26.877
19049,27.061
19050,27.189
19051,27.224
19052,27.428
19053,27.453
19054,27.352
19055,27.453
19056,27.743
19057,27.849
19058,28.021
19059,28.259
19060,28.491
19061,28.506
19062,28.642
19063,28.843
19064,29.108
19065,29.349
19066,29.578
19067,29.683
19068,30.076
19069,30.324
19070,30.551
19071,30.759
19072,30.976
19073,31.271
19074,31.393
19075,31.712
19076,31.805
19077,31.834
19078,31.878
19079,31.902
19080,31.854
19081,31.956
19082,32.005
19083,32.176
19084,32.307
19085,32.239
19086,32.249
19087,32.258
19088,32.263
19089,32.38
19090,32.224
19091,32.068
19092,32.205
19093,32.229
19094,31.927
19095,31.609
19096,31.506
19097,31.496
19098,31.457
19099,31.56
19100,31.521
19101,31.55
19102,31.57
19103,31.565
19104,31.912
19105,31.829
19106,31.756
19107,31.839
19108,32.19
19109,31.902
19110,31.79
19111,32.073
19112,32.083
19113,31.946
19114,32.005
19115,31.902
19116,31.922
19117,31.99
19118,31.834
19119,32.0
19120,31.956
19121,31.946
19122,31.995
19123,32.2
19124,31.844
19125,31.888
19126,31.893
19127,31.922
19128,31.722
19129,31.873
19130,31.785
19131,31.927
19132,31.77
19133,31.795
19134,31.751
19135,31.668
19136,31.447
19137,31.192
19138,31.246
19139,31.271
19140,31.059
19141,30.966
19142,30.976
19143,31.01
19144,31.005
19145,31.442
19146,31.413
19147,31.418
19148,31.413
19149,31.103
19150,31.128
19151,30.966
19152,30.808
19153,30.462
19154,29.852
19155,29.148
19156,28.596
19157,28.314
19158,28.052
19159,27.895
19160,27.773
19161,27.692
19162,27.509
19163,27.341
19164,27.397
19165,27.341
19166,27.265
19167,27.061
19168,27.046
19169,26.898
19170,26.811
19171,26.626
19172,26.652
19173,26.616
19174,26.38
19175,26.519
19176,26.401
19177,26.334
19178,26.262
19179,26.267
19180,26.313
19181,26.221
19182,26.144
19183,26.133
19184,26.051
19185,26.128
19186,26.139
19187,26.092
19188,26.02
19189,25.974
19190,26.0
19191,25.984
19192,26.046
19193,26.01
19194,25.84
19195,25.871
19196,25.891
19197,25.85
19198,25.891
19199,25.814
19200,26.375
19201,26.39
19202,26.591
19203,26.565
19204,26.529
19205,26.647
19206,26.811
19207,26.713
19208,26.984
19209,26.903
19210,27.183
19211,27.229
19212,27.28
19213,27.418
19214,27.499
19215,27.54
19216,27.839
19217,27.829
19218,28.001
19219,28.193
19220,28.39
19221,28.476
19222,28.637
19223,28.868
19224,29.128
19225,29.349
19226,29.498
19227,29.812
19228,30.101
19229,30.373
19230,30.566
19231,30.714
19232,31.015
19233,31.28
19234,31.501
19235,31.57
19236,31.575
19237,31.726
19238,31.863
19239,31.844
19240,31.829
19241,31.795
19242,31.917
19243,32.132
19244,32.161
19245,32.185
19246,32.288
19247,32.224
19248,32.229
19249,32.263
19250,32.219
19251,32.063
19252,32.098
19253,32.292
19254,31.849
19255,31.624
19256,31.599
19257,31.604
19258,31.457
19259,31.452
19260,31.496
19261,31.604
19262,31.653
19263,31.594
19264,31.878
19265,31.702
19266,31.722
19267,31.736
19268,31.946
19269,31.81
19270,31.746
19271,31.902
19272,31.941
19273,31.858
19274,31.756
19275,31.814
19276,31.819
19277,31.878
19278,31.863
19279,31.888
19280,32.034
19281,31.834
19282,31.863
19283,31.951
19284,31.888
19285,31.985
19286,31.98
19287,31.712
19288,31.643
19289,31.653
19290,31.888
19291,31.937
19292,31.917
19293,31.854
19294,31.54
19295,31.442
19296,31.374
19297,31.192
19298,31.236
19299,31.276
19300,31.025
19301,31.079
19302,30.921
19303,31.01
19304,31.187
19305,31.325
19306,31.54
19307,31.403
19308,31.256
19309,31.103
19310,31.084
19311,31.044
19312,30.833
19313,30.393
19314,29.653
19315,29.033
19316,28.435
19317,28.188
19318,28.193
19319,28.021
19320,27.839
19321,27.849
19322,27.331
19323,27.392
19324,27.382
19325,27.306
19326,27.122
19327,26.898
19328,26.867
19329,26.831
19330,26.811
19331,26.585
19332,26.616
19333,26.473
19334,26.452
19335,26.39
19336,26.38
19337,26.313
19338,26.293
19339,26.344
19340,26.272
19341,26.241
19342,26.205
19343,26.061
19344,26.082
19345,26.123
19346,26.108
19347,26.077
19348,26.01
19349,25.943
19350,25.969
19351,25.984
19352,25.886
19353,25.886
19354,25.963
19355,25.809
19356,25.958
19357,25.953
19358,25.927
19359,25.845
19360,26.319
19361,26.406
19362,26.432
19363,26.642
19364,26.591
19365,26.58
19366,26.78
19367,26.857
19368,26.841
19369,27.01
19370,27.066
19371,27.138
19372,27.306
19373,27.535
19374,27.458
19375,27.646
19376,27.687
19377,27.859
19378,28.087
19379,28.052
19380,28.37
19381,28.465
19382,28.667
19383,28.838
19384,28.978
19385,29.209
19386,29.518
19387,29.643
19388,29.956
19389,30.334
19390,30.561
19391,30.759
19392,31.044
19393,31.04
19394,31.467
19395,31.447
19396,31.511
19397,31.633
19398,31.893
19399,31.922
19400,31.77
19401,31.873
19402,31.868
19403,31.941
19404,32.219
19405,32.239
19406,32.214
19407,32.297
19408,32.239
19409,32.195
19410,32.083
19411,32.132
19412,31.946
19413,32.107
19414,31.971
19415,31.658
19416,31.653
19417,31.658
19418,31.496
19419,31.477
19420,31.462
19421,31.717
19422,31.663
19423,31.726
19424,32.059
19425,31.951
19426,31.761
19427,31.829
19428,31.775
19429,31.795
19430,31.751
19431,31.77
19432,31.927
19433,31.751
19434,31.844
19435,31.687
19436,31.624
19437,32.01
19438,31.736
19439,31.956
19440,31.712
19441,31.726
19442,31.902
19443,31.927
19444,32.132
19445,32.112
19446,32.054
19447,31.584
19448,31.516
19449,31.653
19450,31.839
19451,32.034
19452,31.868
19453,31.731
19454,31.472
19455,31.594
19456,31.477
19457,31.334
19458,31.31
19459,31.261
19460,31.143
19461,31.025
19462,31.079
19463,31.015
19464,31.172
19465,31.531
19466,31.408
19467,31.231
19468,31.271
19469,31.074
19470,31.059
19471,30.99
19472,30.64
19473,29.932
19474,29.428
19475,28.858
19476,28.46
19477,28.324
19478,27.91
19479,27.834
19480,27.864
19481,27.824
19482,27.616
19483,27.321
19484,27.265
19485,27.27
19486,27.148
19487,27.097
19488,26.908
19489,26.836
19490,26.698
19491,26.662
19492,26.529
19493,26.58
19494,26.493
19495,26.37
19496,26.396
19497,26.298
19498,26.262
19499,25.984
19500,26.283
19501,26.077
19502,26.169
19503,26.164
19504,26.113
19505,26.108
19506,26.005
19507,26.159
19508,26.046
19509,26.061
19510,26.015
19511,25.917
19512,25.979
19513,25.932
19514,25.814
19515,25.84
19516,25.907
19517,25.932
19518,25.902
19519,25.876
19520,26.365
19521,26.375
19522,26.406
19523,26.657
19524,26.596
19525,26.673
19526,26.734
19527,26.882
19528,26.939
19529,26.928
19530,27.061
19531,27.158
19532,27.24
19533,27.367
19534,27.433
19535,27.55
19536,27.692
19537,27.844
19538,28.016
19539,28.223
19540,28.339
19541,28.511
19542,28.591
19543,28.898
19544,29.068
19545,29.304
19546,29.423
19547,29.543
19548,29.892
19549,30.215
19550,30.536
19551,30.754
19552,30.926
19553,31.128
19554,31.349
19555,31.477
19556,31.565
19557,31.599
19558,31.707
19559,31.976
19560,31.868
19561,31.868
19562,31.854
19563,31.966
19564,32.107
19565,32.258
19566,32.185
19567,32.273
19568,32.19
19569,32.263
19570,31.907
19571,32.005
19572,32.273
19573,31.961
19574,31.995
19575,31.726
19576,31.78
19577,31.707
19578,31.54
19579,31.486
19580,31.496
19581,31.526
19582,31.692
19583,31.717
19584,31.878
19585,31.971
19586,31.81
19587,31.932
19588,31.814
19589,31.839
19590,31.702
19591,31.741
19592,31.785
19593,31.673
19594,31.766
19595,31.565
19596,31.697
19597,31.883
19598,31.668
19599,31.609
19600,31.403
19601,31.648
19602,31.849
19603,31.873
19604,32.102
19605,31.995
19606,31.751
19607,31.521
19608,31.565
19609,31.682
19610,31.932
19611,31.854
19612,31.726
19613,31.58
19614,31.658
19615,31.433
19616,31.192
19617,31.339
19618,31.364
19619,31.28
19620,31.138
19621,30.951
19622,30.872
19623,31.187
19624,31.28
19625,31.349
19626,31.167
19627,31.089
19628,31.059
19629,31.04
19630,30.911
19631,30.759
19632,30.437
19633,29.688
19634,28.958
19635,28.802
19636,28.45
19637,28.274
19638,28.011
19639,27.92
19640,27.682
19641,27.662
19642,27.58
19643,27.519
19644,27.377
19645,27.255
19646,27.056
19647,27.087
19648,26.954
19649,26.949
19650,26.719
19651,26.673
19652,26.565
19653,26.58
19654,26.539
19655,26.39
19656,26.365
19657,26.277
19658,26.308
19659,26.205
19660,26.303
19661,26.329
19662,26.236
19663,26.18
19664,26.128
19665,26.025
19666,26.066
19667,26.066
19668,26.087
19669,25.989
19670,26.077
19671,25.953
19672,26.03
19673,25.891
19674,25.86
19675,25.969
19676,25.969
19677,25.881
19678,25.855
19679,25.932
19680,26.411
19681,26.39
19682,26.432
19683,26.616
19684,26.688
19685,26.642
19686,26.8
19687,26.852
19688,27.061
19689,27.0
19690,27.107
19691,27.163
19692,27.367
19693,27.229
19694,27.433
19695,27.606
19696,27.763
19697,27.93
19698,28.016
19699,28.198
19700,28.405
19701,28.445
19702,28.777
19703,28.938
19704,29.018
19705,29.329
19706,29.458
19707,29.613
19708,29.852
19709,30.115
19710,30.388
19711,30.655
19712,30.941
19713,31.103
19714,31.462
19715,31.496
19716,31.457
19717,31.624
19718,31.824
19719,31.883
19720,31.951
19721,31.888
19722,31.839
19723,31.956
19724,32.044
19725,32.156
19726,32.219
19727,32.137
19728,32.229
19729,32.249
19730,32.278
19731,31.985
19732,32.044
19733,32.137
19734,32.068
19735,31.863
19736,31.824
19737,31.761
19738,31.746
19739,31.638
19740,31.521
19741,31.467
19742,31.697
19743,31.873
19744,32.063
19745,32.068
19746,31.922
19747,31.8
19748,31.766
19749,31.971
19750,31.736
19751,31.736
19752,31.775
19753,31.682
19754,31.58
19755,31.54
19756,31.8
19757,31.77
19758,31.565
19759,31.516
19760,31.648
19761,31.692
19762,31.746
19763,32.102
19764,32.112
19765,31.854
19766,31.575
19767,31.496
19768,31.707
19769,31.888
19770,31.819
19771,31.643
19772,31.526
19773,31.619
19774,31.457
19775,31.339
19776,31.295
19777,31.516
19778,31.731
19779,31.447
19780,31.103
19781,30.926
19782,31.153
19783,31.31
19784,31.486
19785,31.285
19786,31.251
19787,31.103
19788,31.064
19789,30.916
19790,30.783
19791,30.69
19792,30.11
19793,29.438
19794,28.908
19795,28.637
19796,28.279
19797,28.193
19798,27.971
19799,27.89
19800,27.717
19801,27.636
19802,27.514
19803,27.448
19804,27.367
19805,27.173
19806,27.127
19807,27.03
19808,26.959
19809,26.841
19810,26.662
19811,26.698
19812,26.565
19813,26.688
19814,26.406
19815,26.473
19816,26.421
19817,26.288
19818,26.38
19819,26.324
19820,26.164
19821,26.133
19822,26.169
19823,26.159
19824,26.185
19825,26.149
19826,26.077
19827,26.113
19828,26.139
19829,25.984
19830,25.969
19831,25.958
19832,25.932
19833,25.953
19834,25.829
19835,25.762
19836,25.86
19837,25.803
19838,25.86
19839,25.886
19840,26.344
19841,26.411
19842,26.57
19843,26.575
19844,26.596
19845,26.8
19846,26.775
19847,26.928
19848,26.928
19849,26.99
19850,27.209
19851,27.189
19852,27.28
19853,27.326
19854,27.514
19855,27.479
19856,27.763
19857,27.905
19858,28.047
19859,28.223
19860,28.405
19861,28.435
19862,28.767
19863,28.853
19864,29.108
19865,29.289
19866,29.463
19867,29.613
19868,29.942
19869,30.21
19870,30.358
19871,30.675
19872,30.828
19873,31.094
19874,31.334
19875,31.334
19876,31.418
19877,31.486
19878,31.736
19879,31.814
19880,31.824
19881,31.941
19882,31.922
19883,31.951
19884,31.966
19885,32.054
19886,32.195
19887,32.039
19888,32.156
19889,32.219
19890,32.151
19891,32.146
19892,32.112
19893,32.098
19894,31.927
19895,32.0
19896,31.77
19897,31.829
19898,31.731
19899,31.77
19900,31.717
19901,31.624
19902,31.819
19903,31.878
19904,32.107
19905,32.341
19906,32.21
19907,31.761
19908,31.751
19909,31.917
19910,31.677
19911,31.339
19912,31.531
19913,31.761
19914,31.511
19915,31.555
19916,31.648
19917,31.535
19918,31.467
19919,31.56
19920,31.575
19921,31.682
19922,31.766
19923,31.951
19924,31.966
19925,31.834
19926,31.648
19927,31.653
19928,31.751
19929,31.834
19930,31.79
19931,31.751
19932,31.555
19933,31.535
19934,31.545
19935,31.482
19936,31.673
19937,31.766
19938,31.442
19939,31.138
19940,31.143
19941,31.158
19942,31.359
19943,31.344
19944,31.339
19945,31.33
19946,31.182
19947,31.103
19948,30.882
19949,30.902
19950,30.788
19951,30.383
19952,29.822
19953,29.138
19954,28.777
19955,28.455
19956,28.218
19957,28.284
19958,28.183
19959,27.88
19960,27.57
19961,27.575
19962,27.55
19963,27.443
19964,27.285
19965,27.296
19966,27.041
19967,27.041
19968,27.005
19969,26.974
19970,26.739
19971,26.713
19972,26.611
19973,26.544
19974,26.57
19975,26.406
19976,26.385
19977,26.416
19978,26.349
19979,26.272
19980,26.257
19981,26.205
19982,26.169
19983,26.087
19984,26.19
19985,26.066
19986,26.077
19987,26.051
19988,26.092
19989,26.041
19990,25.974
19991,26.113
19992,25.932
19993,25.922
19994,25.891
19995,25.907
19996,25.891
19997,25.932
19998,25.927
19999,25.855
20000,26.37
20001,26.483
20002,26.452
20003,26.616
20004,26.667
20005,26.708
20006,26.754
20007,26.76
20008,26.944
20009,27.092
20010,27.092
20011,27.24
20012,27.357
20013,27.413
20014,27.433
20015,27.565
20016,27.738
20017,27.915
20018,28.036
20019,28.203
20020,28.269
20021,28.481
20022,28.652
20023,28.757
20024,29.008
20025,29.279
20026,29.378
20027,29.648
20028,29.817
20029,30.269
20030,30.294
20031,30.625
20032,30.65
20033,30.941
20034,31.339
20035,31.359
20036,31.354
20037,31.482
20038,31.633
20039,31.834
20040,31.844
20041,31.81
20042,31.878
20043,31.912
20044,31.956
20045,32.005
20046,32.2
20047,32.166
20048,32.161
20049,32.278
20050,32.2
20051,32.122
20052,31.99
20053,32.161
20054,32.063
20055,32.063
20056,31.907
20057,31.888
20058,32.005
20059,31.839
20060,31.697
20061,31.663
20062,31.819
20063,31.946
20064,31.922
20065,32.39
20066,32.161
20067,31.844
20068,31.722
20069,31.951
20070,31.712
20071,31.325
20072,31.349
20073,31.819
20074,31.491
20075,31.506
20076,31.658
20077,31.584
20078,31.521
20079,31.604
20080,31.624
20081,31.966
20082,32.034
20083,31.844
20084,31.854
20085,31.638
20086,31.521
20087,31.682
20088,31.819
20089,31.756
20090,31.77
20091,31.692
20092,31.462
20093,31.663
20094,31.575
20095,31.604
20096,31.687
20097,31.506
20098,31.285
20099,31.428
20100,31.393
20101,31.398
20102,31.398
20103,31.408
20104,31.428
20105,31.364
20106,31.128
20107,30.685
20108,30.872
20109,30.887
20110,30.67
20111,30.11
20112,29.508
20113,28.908
20114,28.747
20115,28.697
20116,28.319
20117,28.188
20118,27.971
20119,27.915
20120,27.682
20121,27.651
20122,27.509
20123,27.311
20124,27.255
20125,27.296
20126,27.015
20127,26.995
20128,26.949
20129,26.852
20130,26.76
20131,26.591
20132,26.632
20133,26.447
20134,26.457
20135,26.529
20136,26.385
20137,26.339
20138,26.313
20139,26.401
20140,26.272
20141,26.113
20142,26.195
20143,26.072
20144,26.18
20145,26.056
20146,26.103
20147,26.103
20148,25.989
20149,25.948
20150,25.989
20151,25.907
20152,25.922
20153,25.922
20154,25.819
20155,25.927
20156,25.902
20157,25.829
20158,25.876
20159,25.902
20160,26.478
20161,26.452
20162,26.493
20163,26.601
20164,26.708
20165,26.729
20166,26.826
20167,26.877
20168,26.928
20169,26.887
20170,27.081
20171,27.24
20172,27.331
20173,27.321
20174,27.59
20175,27.641
20176,27.839
20177,28.016
20178,28.042
20179,28.133
20180,28.425
20181,28.476
20182,28.637
20183,28.828
20184,28.898
20185,29.178
20186,29.413
20187,29.663
20188,29.827
20189,30.2
20190,30.338
20191,30.556
20192,30.709
20193,31.03
20194,31.315
20195,31.437
20196,31.437
20197,31.501
20198,31.687
20199,31.707
20200,31.829
20201,31.702
20202,31.878
20203,31.917
20204,31.985
20205,31.873
20206,32.01
20207,32.112
20208,32.185
20209,32.176
20210,32.098
20211,32.137
20212,32.088
20213,32.195
20214,32.21
20215,31.966
20216,32.132
20217,32.146
20218,31.868
20219,32.068
20220,31.81
20221,31.814
20222,31.849
20223,31.858
20224,31.854
20225,32.156
20226,32.166
20227,31.746
20228,31.673
20229,32.132
20230,31.692
20231,31.374
20232,31.516
20233,31.8
20234,31.648
20235,31.629
20236,31.756
20237,31.648
20238,31.668
20239,31.619
20240,31.829
20241,31.912
20242,31.98
20243,31.741
20244,31.653
20245,31.526
20246,31.575
20247,31.736
20248,31.648
20249,31.849
20250,31.888
20251,31.658
20252,31.707
20253,31.555
20254,31.629
20255,31.467
20256,31.511
20257,31.482
20258,31.462
20259,31.477
20260,31.58
20261,31.521
20262,31.379
20263,31.413
20264,31.364
20265,31.128
20266,30.936
20267,30.833
20268,31.044
20269,30.833
20270,30.442
20271,30.051
20272,29.319
20273,28.908
20274,28.652
20275,28.486
20276,28.345
20277,28.097
20278,28.102
20279,27.829
20280,27.687
20281,27.56
20282,27.255
20283,27.265
20284,27.296
20285,27.24
20286,26.99
20287,26.99
20288,26.857
20289,26.903
20290,26.765
20291,26.688
20292,26.575
20293,26.575
20294,26.437
20295,26.344
20296,26.421
20297,26.164
20298,26.252
20299,26.241
20300,26.283
20301,26.216
20302,26.108
20303,26.18
20304,26.02
20305,26.077
20306,26.097
20307,25.994
20308,25.974
20309,25.922
20310,26.061
20311,25.948
20312,25.984
20313,25.865
20314,25.984
20315,25.902
20316,25.855
20317,25.974
20318,25.917
20319,25.896
20320,26.457
20321,26.544
20322,26.575
20323,26.601
20324,26.585
20325,26.673
20326,26.913
20327,26.913
20328,26.867
20329,27.051
20330,27.148
20331,27.081
20332,27.285
20333,27.29
20334,27.514
20335,27.499
20336,27.935
20337,27.971
20338,28.077
20339,28.097
20340,28.324
20341,28.35
20342,28.627
20343,28.853
20344,28.908
20345,29.148
20346,29.478
20347,29.693
20348,29.907
20349,30.14
20350,30.383
20351,30.517
20352,30.936
20353,31.084
20354,31.3
20355,31.486
20356,31.433
20357,31.545
20358,31.599
20359,31.795
20360,31.79
20361,31.731
20362,31.814
20363,31.917
20364,31.893
20365,31.922
20366,31.995
20367,32.093
20368,32.185
20369,32.132
20370,32.19
20371,32.2
20372,32.161
20373,32.224
20374,32.278
20375,32.278
20376,32.117
20377,32.151
20378,32.132
20379,32.068
20380,31.897
20381,31.927
20382,31.883
20383,31.878
20384,31.912
20385,32.102
20386,32.214
20387,31.951
20388,31.775
20389,32.024
20390,31.741
20391,31.58
20392,31.697
20393,31.834
20394,31.712
20395,31.849
20396,31.736
20397,31.722
20398,31.814
20399,31.839
20400,31.912
20401,32.024
20402,31.775
20403,31.624
20404,31.565
20405,31.349
20406,31.633
20407,31.521
20408,31.726
20409,31.849
20410,31.868
20411,31.873
20412,31.629
20413,31.589
20414,31.437
20415,31.526
20416,31.565
20417,31.697
20418,31.54
20419,31.687
20420,31.692
20421,31.388
20422,31.403
20423,31.33
20424,31.118
20425,31.099
20426,30.877
20427,30.911
20428,30.808
20429,30.719
20430,30.428
20431,29.603
20432,29.148
20433,28.898
20434,28.601
20435,28.39
20436,28.309
20437,27.976
20438,28.057
20439,27.864
20440,27.656
20441,27.504
20442,27.377
20443,27.234
20444,27.245
20445,27.066
20446,27.015
20447,26.893
20448,26.862
20449,26.933
20450,26.841
20451,26.652
20452,26.55
20453,26.585
20454,26.529
20455,26.524
20456,26.313
20457,26.288
20458,26.406
20459,26.19
20460,26.247
20461,26.18
20462,26.216
20463,26.164
20464,26.2
20465,26.211
20466,26.169
20467,26.139
20468,26.231
20469,25.969
20470,25.974
20471,25.943
20472,25.974
20473,25.943
20474,25.989
20475,25.927
20476,25.902
20477,25.824
20478,25.938
20479,25.865
20480,26.498
20481,26.498
20482,26.729
20483,26.611
20484,26.626
20485,26.821
20486,26.77
20487,27.025
20488,26.974
20489,26.995
20490,27.102
20491,27.153
20492,27.158
20493,27.514
20494,27.519
20495,27.499
20496,27.728
20497,27.859
20498,27.981
20499,28.026
20500,28.213
20501,28.445
20502,28.576
20503,28.742
20504,28.903
20505,29.143
20506,29.349
20507,29.703
20508,29.842
20509,30.21
20510,30.309
20511,30.447
20512,30.833
20513,31.148
20514,31.447
20515,31.369
20516,31.383
20517,31.482
20518,31.629
20519,31.658
20520,31.633
20521,31.741
20522,31.805
20523,31.907
20524,31.873
20525,31.824
20526,31.927
20527,32.044
20528,32.239
20529,32.205
20530,32.21
20531,32.176
20532,32.166
20533,32.185
20534,32.307
20535,32.2
20536,32.112
20537,32.268
20538,32.273
20539,32.102
20540,31.937
20541,31.946
20542,31.937
20543,31.917
20544,32.078
20545,32.044
20546,32.161
20547,32.005
20548,31.687
20549,31.814
20550,31.707
20551,31.599
20552,31.78
20553,31.726
20554,31.888
20555,31.805
20556,31.907
20557,31.995
20558,32.01
20559,31.883
20560,32.166
20561,32.044
20562,31.746
20563,31.77
20564,31.687
20565,31.354
20566,31.511
20567,31.379
20568,31.638
20569,31.638
20570,31.814
20571,31.746
20572,31.648
20573,31.648
20574,31.535
20575,31.511
20576,31.707
20577,31.531
20578,31.433
20579,31.54
20580,31.433
20581,31.276
20582,31.172
20583,31.295
20584,31.29
20585,31.099
20586,30.931
20587,30.902
20588,30.897
20589,30.808
20590,30.185
20591,29.588
20592,29.284
20593,28.853
20594,28.622
20595,28.304
20596,28.087
20597,28.102
20598,27.981
20599,27.804
20600,27.55
20601,27.504
20602,27.27
20603,27.224
20604,27.234
20605,27.173
20606,26.969
20607,26.99
20608,26.877
20609,26.872
20610,26.749
20611,26.57
20612,26.596
20613,26.514
20614,26.478
20615,26.534
20616,26.355
20617,26.272
20618,26.272
20619,26.123
20620,26.288
20621,26.257
20622,26.149
20623,26.103
20624,26.159
20625,26.133
20626,26.133
20627,26.185
20628,25.969
20629,25.927
20630,25.891
20631,25.974
20632,26.046
20633,25.938
20634,25.917
20635,25.948
20636,25.85
20637,25.793
20638,25.824
20639,25.814
20640,26.385
20641,26.539
20642,26.683
20643,26.601
20644,26.713
20645,26.719
20646,26.806
20647,26.821
20648,26.872
20649,26.964
20650,27.132
20651,27.173
20652,27.306
20653,27.326
20654,27.479
20655,27.56
20656,27.88
20657,27.956
20658,28.062
20659,28.077
20660,28.339
20661,28.385
20662,28.536
20663,28.828
20664,29.058
20665,29.194
20666,29.408
20667,29.658
20668,29.822
20669,30.16
20670,30.264
20671,30.541
20672,30.788
20673,31.084
20674,31.472
20675,31.369
20676,31.472
20677,31.452
20678,31.57
20679,31.653
20680,31.819
20681,31.858
20682,31.702
20683,31.902
20684,31.893
20685,31.839
20686,31.863
20687,32.122
20688,32.171
20689,32.21
20690,32.414
20691,32.38
20692,32.185
20693,32.127
20694,32.288
20695,32.307
20696,32.292
20697,32.283
20698,32.38
20699,32.117
20700,31.907
20701,31.976
20702,31.937
20703,32.127
20704,31.956
20705,32.02
20706,32.249
20707,32.132
20708,31.668
20709,31.8
20710,31.722
20711,31.858
20712,31.839
20713,31.966
20714,31.907
20715,31.99
20716,32.005
20717,32.141
20718,32.044
20719,32.02
20720,32.555
20721,32.214
20722,31.775
20723,31.829
20724,31.506
20725,31.334
20726,31.334
20727,31.437
20728,31.511
20729,31.756
20730,31.888
20731,31.741
20732,31.717
20733,31.467
20734,31.682
20735,31.707
20736,31.614
20737,31.516
20738,31.364
20739,31.256
20740,31.33
20741,31.325
20742,31.276
20743,31.339
20744,31.236
20745,31.172
20746,30.995
20747,31.108
20748,30.976
20749,30.798
20750,30.254
20751,29.468
20752,29.118
20753,28.757
20754,28.506
20755,28.425
20756,28.122
20757,27.986
20758,27.91
20759,27.773
20760,27.707
20761,27.453
20762,27.433
20763,27.265
20764,27.199
20765,27.194
20766,27.0
20767,27.081
20768,26.974
20769,26.806
20770,26.76
20771,26.719
20772,26.483
20773,26.544
20774,26.514
20775,26.524
20776,26.247
20777,26.462
20778,26.262
20779,26.257
20780,26.195
20781,26.18
20782,26.267
20783,26.154
20784,26.241
20785,26.113
20786,26.108
20787,26.097
20788,26.03
20789,25.943
20790,26.03
20791,25.979
20792,25.969
20793,26.005
20794,26.005
20795,25.922
20796,25.917
20797,25.938
20798,25.855
20799,25.984
20800,26.447
20801,26.452
20802,26.514
20803,26.724
20804,26.713
20805,26.713
20806,26.729
20807,26.867
20808,26.928
20809,26.979
20810,27.025
20811,27.275
20812,27.326
20813,27.316
20814,27.55
20815,27.626
20816,27.717
20817,27.966
20818,27.956
20819,28.062
20820,28.264
20821,28.496
20822,28.576
20823,28.828
20824,28.973
20825,29.188
20826,29.398
20827,29.528
20828,29.807
20829,30.061
20830,30.215
20831,30.536
20832,30.833
20833,31.094
20834,31.408
20835,31.393
20836,31.408
20837,31.614
20838,31.677
20839,31.584
20840,31.814
20841,31.824
20842,31.633
20843,31.897
20844,31.961
20845,31.805
20846,31.966
20847,31.883
20848,32.02
20849,32.024
20850,32.375
20851,32.419
20852,32.467
20853,32.253
20854,32.448
20855,32.399
20856,32.414
20857,32.346
20858,32.395
20859,32.395
20860,32.151
20861,31.946
20862,31.932
20863,32.176
20864,31.971
20865,31.985
20866,32.239
20867,32.244
20868,31.888
20869,31.917
20870,31.824
20871,31.883
20872,32.024
20873,32.083
20874,32.054
20875,32.2
20876,32.132
20877,32.146
20878,32.302
20879,32.443
20880,32.856
20881,32.263
20882,31.888
20883,31.624
20884,31.614
20885,31.325
20886,31.437
20887,31.433
20888,31.633
20889,31.971
20890,31.858
20891,31.785
20892,31.692
20893,31.707
20894,31.917
20895,31.687
20896,31.629
20897,31.589
20898,31.486
20899,31.457
20900,31.423
20901,31.325
20902,31.423
20903,31.433
20904,31.379
20905,31.162
20906,30.99
20907,31.099
20908,31.054
20909,30.833
20910,30.076
20911,29.578
20912,29.138
20913,28.818
20914,28.511
20915,28.284
20916,28.163
20917,27.971
20918,27.93
20919,27.728
20920,27.601
20921,27.53
20922,27.29
20923,27.296
20924,27.224
20925,27.168
20926,27.143
20927,27.015
20928,26.831
20929,26.826
20930,26.836
20931,26.509
20932,26.534
20933,26.55
20934,26.514
20935,26.339
20936,26.211
20937,26.334
20938,26.267
20939,26.216
20940,26.236
20941,26.195
20942,26.231
20943,26.144
20944,26.118
20945,26.128
20946,26.02
20947,26.061
20948,25.876
20949,26.005
20950,25.963
20951,25.953
20952,25.969
20953,25.932
20954,25.938
20955,25.953
20956,25.912
20957,25.907
20958,25.886
20959,25.84
20960,26.467
20961,26.509
20962,26.616
20963,26.626
20964,26.667
20965,26.729
20966,26.693
20967,26.821
20968,26.923
20969,27.02
20970,27.056
20971,27.214
20972,27.433
20973,27.433
20974,27.484
20975,27.58
20976,27.717
20977,27.94
20978,28.021
20979,28.097
20980,28.269
20981,28.471
20982,28.536
20983,28.802
20984,29.073
20985,29.138
20986,29.423
20987,29.548
20988,29.827
20989,30.086
20990,30.13
20991,30.467
20992,30.576
20993,31.025
20994,31.403
20995,31.653
20996,31.447
20997,31.638
20998,31.638
20999,31.594
21000,31.594
21001,31.844
21002,31.785
21003,31.897
21004,31.922
21005,32.102
21006,32.063
21007,32.151
21008,32.039
21009,31.966
21010,32.2
21011,32.38
21012,32.467
21013,32.409
21014,32.283
21015,32.419
21016,32.458
21017,32.458
21018,32.414
21019,32.404
21020,32.356
21021,32.044
21022,32.049
21023,32.214
21024,32.161
21025,31.937
21026,32.263
21027,32.268
21028,32.346
21029,32.068
21030,31.888
21031,32.063
21032,32.288
21033,32.249
21034,32.302
21035,32.21
21036,32.346
21037,32.331
21038,32.443
21039,32.686
21040,32.691
21041,32.234
21042,31.98
21043,31.751
21044,31.614
21045,31.457
21046,31.521
21047,31.609
21048,31.648
21049,31.741
21050,31.951
21051,31.746
21052,31.736
21053,31.971
21054,31.839
21055,31.501
21056,31.614
21057,31.81
21058,31.731
21059,31.609
21060,31.418
21061,31.403
21062,31.437
21063,31.403
21064,31.192
21065,31.271
21066,31.079
21067,30.985
21068,30.833
21069,30.596
21070,30.13
21071,29.738
21072,29.289
21073,28.707
21074,28.471
21075,28.294
21076,28.163
21077,27.986
21078,28.057
21079,27.793
21080,27.646
21081,27.601
21082,27.524
21083,27.301
21084,27.296
21085,27.224
21086,27.02
21087,26.995
21088,26.857
21089,26.729
21090,26.611
21091,26.642
21092,26.565
21093,26.544
21094,26.529
21095,26.478
21096,26.236
21097,26.257
21098,26.241
21099,26.221
21100,26.103
21101,26.118
21102,26.128
21103,26.128
21104,26.164
21105,26.164
21106,26.164
21107,26.0
21108,25.912
21109,25.974
21110,25.907
21111,25.943
21112,25.984
21113,26.01
21114,25.938
21115,25.865
21116,25.989
21117,25.907
21118,25.803
21119,25.922
21120,26.473
21121,26.483
21122,26.524
21123,26.606
21124,26.632
21125,26.637
21126,26.713
21127,26.882
21128,26.831
21129,27.025
21130,27.132
21131,27.24
21132,27.372
21133,27.352
21134,27.474
21135,27.702
21136,27.763
21137,27.895
21138,27.971
21139,28.107
21140,28.299
21141,28.39
21142,28.556
21143,28.802
21144,28.993
21145,29.088
21146,29.388
21147,29.563
21148,29.837
21149,29.917
21150,30.2
21151,30.571
21152,30.769
21153,31.04
21154,31.266
21155,31.535
21156,31.413
21157,31.638
21158,31.604
21159,31.648
21160,31.638
21161,31.902
21162,31.829
21163,31.761
21164,31.951
21165,31.888
21166,31.951
21167,32.088
21168,32.249
21169,31.976
21170,32.098
21171,32.176
21172,32.244
21173,32.292
21174,32.356
21175,32.55
21176,32.482
21177,32.467
21178,32.409
21179,32.443
21180,32.472
21181,32.336
21182,32.185
21183,32.21
21184,32.195
21185,32.117
21186,32.214
21187,32.501
21188,32.516
21189,32.283
21190,32.102
21191,32.283
21192,32.283
21193,32.375
21194,32.38
21195,32.331
21196,32.555
21197,32.526
21198,32.7
21199,32.909
21200,32.696
21201,32.38
21202,31.854
21203,31.878
21204,31.663
21205,31.614
21206,31.594
21207,31.584
21208,31.814
21209,31.854
21210,31.805
21211,31.897
21212,32.068
21213,31.692
21214,31.594
21215,31.814
21216,31.99
21217,31.907
21218,31.609
21219,31.452
21220,31.428
21221,31.33
21222,31.535
21223,31.472
21224,31.207
21225,31.221
21226,30.946
21227,30.833
21228,30.852
21229,30.946
21230,30.259
21231,29.698
21232,29.204
21233,28.747
21234,28.506
21235,28.309
21236,28.143
21237,27.986
21238,28.026
21239,27.626
21240,27.646
21241,27.565
21242,27.26
21243,27.183
21244,27.362
21245,27.163
21246,27.02
21247,27.046
21248,26.867
21249,26.862
21250,26.749
21251,26.524
21252,26.585
21253,26.514
21254,26.467
21255,26.349
21256,26.257
21257,26.39
21258,26.257
21259,26.247
21260,26.226
21261,26.195
21262,26.144
21263,26.164
21264,26.072
21265,26.123
21266,26.149
21267,26.056
21268,26.03
21269,25.963
21270,26.03
21271,25.943
21272,25.917
21273,25.896
21274,25.798
21275,25.907
21276,25.834
21277,25.865
21278,25.845
21279,25.907
21280,26.493
21281,26.55
21282,26.683
21283,26.616
21284,26.632
21285,26.724
21286,26.795
21287,26.898
21288,26.944
21289,27.209
21290,27.117
21291,27.311
21292,27.275
21293,27.469
21294,27.408
21295,27.53
21296,27.834
21297,28.052
21298,27.95
21299,28.077
21300,28.299
21301,28.435
21302,28.672
21303,28.802
21304,28.978
21305,29.319
21306,29.448
21307,29.598
21308,29.857
21309,30.041
21310,30.249
21311,30.482
21312,30.877
21313,31.059
21314,31.354
21315,31.447
21316,31.575
21317,31.555
21318,31.545
21319,31.629
21320,31.609
21321,31.81
21322,31.717
21323,31.873
21324,31.878
21325,31.844
21326,31.971
21327,32.015
21328,32.302
21329,32.059
21330,32.083
21331,32.229
21332,32.205
21333,32.424
21334,32.467
21335,32.346
21336,32.671
21337,32.579
21338,32.516
21339,32.599
21340,32.569
21341,32.283
21342,32.141
21343,32.341
21344,32.249
21345,32.205
21346,32.38
21347,32.54
21348,32.574
21349,32.404
21350,32.351
21351,32.463
21352,32.458
21353,32.594
21354,32.652
21355,32.676
21356,32.686
21357,32.802
21358,32.899
21359,32.928
21360,32.763
21361,32.273
21362,31.995
21363,31.805
21364,31.604
21365,31.81
21366,31.775
21367,31.819
21368,31.961
21369,31.927
21370,31.907
21371,31.912
21372,31.932
21373,31.805
21374,31.824
21375,31.854
21376,31.976
21377,31.741
21378,31.609
21379,31.682
21380,31.555
21381,31.717
21382,31.589
21383,31.442
21384,31.334
21385,31.138
21386,30.976
21387,30.931
21388,30.956
21389,30.847
21390,30.517
21391,29.668
21392,29.194
21393,28.742
21394,28.46
21395,28.314
21396,28.021
21397,28.001
21398,27.95
21399,27.819
21400,27.667
21401,27.519
21402,27.367
21403,27.331
21404,27.112
21405,27.143
21406,27.183
21407,26.882
21408,26.8
21409,26.836
21410,26.683
21411,26.601
21412,26.473
21413,26.56
21414,26.467
21415,26.344
21416,26.329
21417,26.221
21418,26.226
21419,26.247
21420,26.133
21421,26.18
21422,26.139
21423,26.139
21424,26.113
21425,26.077
21426,26.015
21427,26.01
21428,26.041
21429,26.036
21430,25.932
21431,25.969
21432,25.907
21433,25.994
21434,25.943
21435,25.984
21436,25.979
21437,25.881
21438,25.767
21439,25.84
21440,26.503
21441,26.596
21442,26.611
21443,26.785
21444,26.673
21445,26.816
21446,26.831
21447,26.887
21448,27.041
21449,27.076
21450,27.158
21451,27.29
21452,27.27
21453,27.448
21454,27.428
21455,27.57
21456,27.763
21457,27.961
21458,27.91
21459,28.133
21460,28.269
21461,28.309
21462,28.652
21463,28.918
21464,29.028
21465,29.264
21466,29.408
21467,29.633
21468,29.862
21469,29.976
21470,30.17
21471,30.536
21472,30.823
21473,31.099
21474,31.33
21475,31.403
21476,31.428
21477,31.633
21478,31.442
21479,31.619
21480,31.648
21481,31.761
21482,31.907
21483,31.849
21484,31.966
21485,31.873
21486,31.795
21487,31.956
21488,32.059
21489,32.044
21490,32.229
21491,32.185
21492,32.219
21493,32.063
21494,32.404
21495,32.56
21496,32.56
21497,32.55
21498,32.594
21499,32.594
21500,32.569
21501,32.341
21502,32.312
21503,32.326
21504,32.414
21505,32.409
21506,32.346
21507,32.759
21508,32.817
21509,32.618
21510,32.404
21511,32.608
21512,32.589
21513,32.754
21514,32.773
21515,33.035
21516,33.03
21517,33.088
21518,32.918
21519,32.933
21520,32.739
21521,32.312
21522,31.99
21523,31.888
21524,31.927
21525,31.907
21526,31.966
21527,31.819
21528,31.937
21529,31.795
21530,31.805
21531,31.932
21532,31.824
21533,31.941
21534,31.966
21535,32.054
21536,31.79
21537,31.726
21538,31.751
21539,31.575
21540,31.707
21541,31.712
21542,31.535
21543,31.472
21544,31.29
21545,31.187
21546,31.035
21547,31.113
21548,30.995
21549,30.99
21550,30.507
21551,29.713
21552,29.224
21553,28.878
21554,28.541
21555,28.355
21556,28.127
21557,27.956
21558,27.854
21559,27.738
21560,27.596
21561,27.494
21562,27.54
21563,27.25
21564,27.153
21565,27.194
21566,27.127
21567,27.112
21568,26.821
21569,26.662
21570,26.657
21571,26.626
21572,26.514
21573,26.555
21574,26.488
21575,26.36
21576,26.432
21577,26.344
21578,26.283
21579,26.133
21580,26.221
21581,26.169
21582,26.154
21583,26.097
21584,26.118
21585,26.041
21586,26.082
21587,25.984
21588,26.03
21589,25.953
21590,26.02
21591,25.984
21592,25.948
21593,25.979
21594,25.876
21595,25.865
21596,25.876
21597,25.917
21598,25.871
21599,25.871
21600,26.442
21601,26.488
21602,26.673
21603,26.683
21604,26.713
21605,26.775
21606,26.826
21607,26.816
21608,26.928
21609,27.046
21610,27.229
21611,27.255
21612,27.224
21613,27.367
21614,27.377
21615,27.509
21616,27.773
21617,27.981
21618,28.072
21619,28.163
21620,28.304
21621,28.43
21622,28.617
21623,28.888
21624,29.018
21625,29.309
21626,29.443
21627,29.568
21628,29.758
21629,30.006
21630,30.309
21631,30.645
21632,30.842
21633,31.197
21634,31.486
21635,31.413
21636,31.344
21637,31.462
21638,31.599
21639,31.501
21640,31.668
21641,31.648
21642,31.976
21643,31.839
21644,31.971
21645,31.854
21646,31.692
21647,31.937
21648,31.922
21649,32.059
21650,32.2
21651,32.234
21652,32.073
21653,32.19
21654,32.404
21655,32.579
21656,32.574
21657,32.652
21658,32.38
21659,32.613
21660,32.613
21661,32.424
21662,32.283
21663,32.365
21664,32.472
21665,32.511
21666,32.535
21667,32.657
21668,32.836
21669,32.807
21670,32.705
21671,32.686
21672,33.054
21673,33.044
21674,33.02
21675,33.146
21676,33.228
21677,33.18
21678,33.151
21679,32.977
21680,32.472
21681,32.229
21682,32.112
21683,32.137
21684,31.932
21685,32.01
21686,31.917
21687,31.893
21688,31.814
21689,31.966
21690,31.897
21691,31.946
21692,31.985
21693,32.18
21694,32.029
21695,31.81
21696,31.78
21697,31.594
21698,31.433
21699,31.761
21700,31.633
21701,31.707
21702,31.55
21703,31.266
21704,31.315
21705,31.3
21706,31.172
21707,31.02
21708,31.29
21709,31.246
21710,30.754
21711,30.125
21712,29.493
21713,28.978
21714,28.611
21715,28.294
21716,28.148
21717,28.047
21718,27.864
21719,27.672
21720,27.611
21721,27.484
21722,27.387
21723,27.24
21724,27.158
21725,27.178
21726,27.132
21727,27.071
21728,26.8
21729,26.703
21730,26.688
21731,26.514
21732,26.488
21733,26.539
21734,26.447
21735,26.401
21736,26.375
21737,26.293
21738,26.334
21739,26.159
21740,26.154
21741,26.149
21742,26.154
21743,26.092
21744,26.051
21745,26.02
21746,26.103
21747,26.056
21748,26.066
21749,26.036
21750,25.974
21751,26.0
21752,26.051
21753,26.015
21754,25.85
21755,25.938
21756,25.912
21757,25.788
21758,25.979
21759,25.85
21760,26.457
21761,26.514
21762,26.632
21763,26.647
21764,26.708
21765,26.729
21766,26.826
21767,26.826
21768,26.867
21769,27.005
21770,27.071
21771,27.204
21772,27.352
21773,27.402
21774,27.616
21775,27.59
21776,27.819
21777,27.971
21778,27.935
21779,28.173
21780,28.234
21781,28.284
21782,28.601
21783,28.813
21784,29.013
21785,29.294
21786,29.349
21787,29.598
21788,29.827
21789,30.021
21790,30.319
21791,30.536
21792,30.852
21793,31.128
21794,31.325
21795,31.418
21796,31.334
21797,31.339
21798,31.506
21799,31.609
21800,31.531
21801,31.614
21802,31.726
21803,31.927
21804,31.902
21805,31.893
21806,31.858
21807,31.697
21808,31.927
21809,32.176
21810,32.122
21811,32.098
21812,32.059
21813,32.039
21814,32.365
21815,32.458
21816,32.623
21817,32.826
21818,32.569
21819,32.662
21820,32.744
21821,32.574
21822,32.37
21823,32.351
21824,32.569
21825,32.681
21826,32.734
21827,32.599
21828,32.613
21829,33.049
21830,32.875
21831,32.933
21832,33.257
21833,33.286
21834,33.068
21835,33.266
21836,33.334
21837,33.242
21838,33.252
21839,32.836
21840,32.453
21841,32.37
21842,32.385
21843,32.258
21844,31.917
21845,31.98
21846,32.112
21847,32.029
21848,31.961
21849,31.897
21850,31.937
21851,31.785
21852,32.146
21853,32.141
21854,31.941
21855,31.717
21856,31.648
21857,31.648
21858,31.849
21859,31.702
21860,31.702
21861,31.668
21862,31.491
21863,31.501
21864,31.29
21865,31.256
21866,31.202
21867,31.423
21868,31.226
21869,31.064
21870,30.808
21871,30.234
21872,29.423
21873,28.983
21874,28.496
21875,28.244
21876,28.127
21877,27.996
21878,27.829
21879,27.722
21880,27.651
21881,27.443
21882,27.306
21883,27.326
21884,27.189
21885,27.102
21886,27.015
21887,26.928
21888,26.739
21889,26.765
21890,26.673
21891,26.683
21892,26.509
21893,26.55
21894,26.406
21895,26.329
21896,26.37
21897,26.313
21898,26.267
21899,26.195
21900,26.123
21901,26.159
21902,26.118
21903,26.072
21904,26.082
21905,26.066
21906,26.02
21907,26.025
21908,26.005
21909,25.984
21910,25.958
21911,26.005
21912,26.015
21913,25.922
21914,25.963
21915,25.917
21916,25.896
21917,25.876
21918,25.969
21919,25.829
21920,26.452
21921,26.488
21922,26.503
21923,26.688
21924,26.601
21925,26.79
21926,26.806
21927,26.984
21928,26.898
21929,26.995
21930,27.097
21931,27.326
21932,27.265
21933,27.382
21934,27.346
21935,27.58
21936,27.834
21937,27.864
21938,28.122
21939,28.213
21940,28.259
21941,28.481
21942,28.617
21943,28.802
21944,29.033
21945,29.244
21946,29.324
21947,29.608
21948,29.817
21949,30.254
21950,30.304
21951,30.596
21952,30.857
21953,31.094
21954,31.398
21955,31.393
21956,31.339
21957,31.398
21958,31.398
21959,31.624
21960,31.594
21961,31.501
21962,31.55
21963,31.858
21964,31.932
21965,31.932
21966,31.897
21967,31.927
21968,31.751
21969,31.878
21970,32.176
21971,32.034
21972,32.21
21973,32.01
21974,32.346
21975,32.535
21976,32.569
21977,32.681
21978,32.768
21979,32.642
21980,32.73
21981,32.657
21982,32.472
21983,32.346
21984,32.603
21985,32.666
21986,32.768
21987,32.875
21988,32.885
21989,32.957
21990,32.972
21991,33.015
21992,33.469
21993,33.416
21994,33.208
21995,33.271
21996,33.257
21997,33.315
21998,32.981
21999,32.574
22000,32.39
22001,32.531
22002,32.36
22003,32.21
22004,32.283
22005,32.117
22006,32.102
22007,32.049
22008,32.102
22009,31.868
22010,31.79
22011,31.863
22012,32.117
22013,31.751
22014,31.741
22015,31.712
22016,31.741
22017,31.687
22018,31.736
22019,31.863
22020,31.629
22021,31.633
22022,31.511
22023,31.437
22024,31.177
22025,31.325
22026,31.236
22027,31.433
22028,31.32
22029,31.099
22030,30.798
22031,30.309
22032,29.334
22033,28.838
22034,28.647
22035,28.339
22036,28.092
22037,28.011
22038,27.819
22039,27.799
22040,27.585
22041,27.463
22042,27.224
22043,27.26
22044,27.204
22045,27.132
22046,27.107
22047,26.933
22048,26.806
22049,26.683
22050,26.621
22051,26.498
22052,26.437
22053,26.544
22054,26.396
22055,26.411
22056,26.329
22057,26.319
22058,26.195
22059,26.262
22060,26.159
22061,26.113
22062,26.221
22063,26.195
22064,26.118
22065,26.123
22066,26.066
22067,26.046
22068,26.041
22069,25.845
22070,25.994
22071,25.896
22072,26.03
22073,25.907
22074,25.963
22075,25.938
22076,25.871
22077,25.891
22078,25.814
22079,25.907
22080,26.514
22081,26.457
22082,26.555
22083,26.575
22084,26.652
22085,26.795
22086,26.903
22087,26.913
22088,27.01
22089,27.178
22090,27.229
22091,27.28
22092,27.275
22093,27.463
22094,27.535
22095,27.606
22096,27.788
22097,27.88
22098,28.042
22099,28.122
22100,28.294
22101,28.516
22102,28.632
22103,28.813
22104,28.968
22105,29.199
22106,29.369
22107,29.618
22108,29.852
22109,30.115
22110,30.314
22111,30.615
22112,30.941
22113,31.049
22114,31.187
22115,31.349
22116,31.354
22117,31.33
22118,31.276
22119,31.334
22120,31.692
22121,31.54
22122,31.629
22123,31.922
22124,31.805
22125,31.775
22126,31.883
22127,31.81
22128,31.722
22129,31.726
22130,32.063
22131,32.112
22132,32.268
22133,32.141
22134,32.253
22135,32.395
22136,32.613
22137,32.749
22138,32.71
22139,32.705
22140,32.73
22141,32.763
22142,32.565
22143,32.395
22144,32.642
22145,32.744
22146,32.986
22147,32.909
22148,32.996
22149,33.035
22150,32.962
22151,33.237
22152,33.575
22153,33.353
22154,33.401
22155,33.392
22156,33.233
22157,33.266
22158,32.783
22159,32.36
22160,32.54
22161,32.453
22162,32.419
22163,32.205
22164,32.375
22165,32.302
22166,32.098
22167,31.927
22168,31.858
22169,31.766
22170,31.844
22171,31.927
22172,31.868
22173,31.839
22174,31.731
22175,31.697
22176,31.766
22177,31.937
22178,31.702
22179,31.868
22180,31.555
22181,31.57
22182,31.501
22183,31.408
22184,31.276
22185,31.295
22186,31.54
22187,31.276
22188,31.202
22189,31.015
22190,30.867
22191,30.334
22192,29.553
22193,29.033
22194,28.566
22195,28.289
22196,28.016
22197,27.89
22198,27.824
22199,27.641
22200,27.413
22201,27.418
22202,27.331
22203,27.173
22204,27.285
22205,27.005
22206,26.872
22207,26.99
22208,26.882
22209,26.739
22210,26.565
22211,26.662
22212,26.601
22213,26.442
22214,26.442
22215,26.365
22216,26.272
22217,26.319
22218,26.175
22219,26.205
22220,26.077
22221,26.164
22222,26.139
22223,26.154
22224,26.077
22225,26.03
22226,26.036
22227,25.974
22228,25.886
22229,25.969
22230,25.958
22231,25.902
22232,25.974
22233,25.932
22234,26.0
22235,25.984
22236,25.896
22237,25.891
22238,25.803
22239,25.762
22240,26.473
22241,26.416
22242,26.611
22243,26.58
22244,26.652
22245,26.739
22246,26.847
22247,26.928
22248,26.933
22249,27.158
22250,27.051
22251,27.311
22252,27.397
22253,27.402
22254,27.606
22255,27.662
22256,27.839
22257,27.945
22258,28.016
22259,28.153
22260,28.334
22261,28.304
22262,28.596
22263,28.943
22264,29.038
22265,29.279
22266,29.508
22267,29.588
22268,29.892
22269,30.215
22270,30.383
22271,30.615
22272,30.857
22273,31.025
22274,31.172
22275,31.158
22276,31.182
22277,31.271
22278,31.251
22279,31.369
22280,31.526
22281,31.589
22282,31.511
22283,31.638
22284,31.946
22285,31.746
22286,31.79
22287,31.766
22288,31.854
22289,31.746
22290,31.99
22291,32.2
22292,32.146
22293,32.166
22294,32.161
22295,32.297
22296,32.531
22297,32.589
22298,32.73
22299,32.73
22300,32.802
22301,32.778
22302,32.666
22303,32.628
22304,32.657
22305,32.909
22306,33.107
22307,32.918
22308,32.991
22309,33.059
22310,32.933
22311,33.223
22312,33.517
22313,33.252
22314,33.377
22315,33.392
22316,33.3
22317,33.006
22318,32.696
22319,32.467
22320,32.657
22321,32.506
22322,32.531
22323,32.453
22324,32.516
22325,32.458
22326,32.117
22327,31.932
22328,31.873
22329,31.858
22330,32.073
22331,31.854
22332,31.761
22333,31.682
22334,31.712
22335,31.775
22336,31.878
22337,31.937
22338,31.629
22339,31.526
22340,31.491
22341,31.501
22342,31.511
22343,31.555
22344,31.418
22345,31.477
22346,31.221
22347,31.305
22348,31.251
22349,31.005
22350,30.749
22351,30.507
22352,29.852
22353,29.033
22354,28.601
22355,28.314
22356,28.178
22357,28.016
22358,27.875
22359,27.545
22360,27.413
22361,27.341
22362,27.392
22363,27.275
22364,27.122
22365,27.061
22366,26.893
22367,26.903
22368,26.765
22369,26.729
22370,26.678
22371,26.539
22372,26.457
22373,26.462
22374,26.503
22375,26.329
22376,26.169
22377,26.308
22378,26.313
22379,26.241
22380,26.118
22381,26.066
22382,26.247
22383,26.087
22384,26.082
22385,26.061
22386,26.056
22387,26.097
22388,25.86
22389,25.963
22390,25.974
22391,26.025
22392,26.03
22393,25.953
22394,25.917
22395,25.963
22396,25.845
22397,25.907
22398,25.814
22399,25.86
22400,26.349
22401,26.396
22402,26.396
22403,26.544
22404,26.76
22405,26.811
22406,26.749
22407,26.811
22408,26.954
22409,27.03
22410,27.199
22411,27.326
22412,27.362
22413,27.341
22414,27.535
22415,27.606
22416,27.864
22417,27.885
22418,27.976
22419,28.143
22420,28.314
22421,28.455
22422,28.591
22423,28.863
22424,28.998
22425,29.254
22426,29.553
22427,29.753
22428,30.036
22429,30.2
22430,30.383
22431,30.67
22432,30.838
22433,30.926
22434,31.064
22435,31.3
22436,31.236
22437,31.33
22438,31.266
22439,31.374
22440,31.388
22441,31.624
22442,31.584
22443,31.658
22444,31.717
22445,31.604
22446,31.633
22447,31.873
22448,31.785
22449,31.766
22450,31.883
22451,32.146
22452,32.19
22453,32.2
22454,32.239
22455,32.365
22456,32.346
22457,32.438
22458,32.56
22459,32.788
22460,32.836
22461,32.754
22462,32.691
22463,32.666
22464,32.642
22465,32.947
22466,33.006
22467,32.977
22468,33.083
22469,33.117
22470,33.001
22471,33.237
22472,33.353
22473,33.382
22474,33.31
22475,33.382
22476,33.18
22477,33.03
22478,32.831
22479,32.594
22480,32.768
22481,32.535
22482,32.497
22483,32.429
22484,32.37
22485,32.176
22486,32.0
22487,31.907
22488,31.854
22489,31.99
22490,31.985
22491,31.702
22492,31.697
22493,31.555
22494,31.702
22495,31.917
22496,31.717
22497,31.614
22498,31.589
22499,31.594
22500,31.521
22501,31.531
22502,31.619
22503,31.462
22504,31.482
22505,31.413
22506,31.334
22507,31.079
22508,31.236
22509,30.98
22510,30.739
22511,30.551
22512,29.852
22513,29.279
22514,28.687
22515,28.35
22516,28.021
22517,27.854
22518,27.565
22519,27.677
22520,27.453
22521,27.413
22522,27.265
22523,27.28
22524,27.01
22525,27.122
22526,26.939
22527,26.887
22528,26.852
22529,26.662
22530,26.611
22531,26.565
22532,26.58
22533,26.467
22534,26.473
22535,26.288
22536,26.365
22537,26.247
22538,26.247
22539,26.144
22540,26.128
22541,26.144
22542,26.149
22543,26.066
22544,26.056
22545,26.123
22546,26.077
22547,26.03
22548,26.066
22549,26.01
22550,25.803
22551,25.958
22552,25.948
22553,25.969
22554,25.958
22555,25.865
22556,25.963
22557,25.912
22558,25.881
22559,25.757
22560,26.411
22561,26.411
22562,26.555
22563,26.626
22564,26.601
22565,26.76
22566,26.765
22567,26.918
22568,26.836
22569,27.046
22570,27.209
22571,27.311
22572,27.428
22573,27.499
22574,27.545
22575,27.636
22576,27.915
22577,27.875
22578,28.036
22579,28.077
22580,28.294
22581,28.35
22582,28.606
22583,28.838
22584,29.043
22585,29.354
22586,29.488
22587,29.543
22588,30.016
22589,30.215
22590,30.517
22591,30.773
22592,30.842
22593,30.857
22594,31.094
22595,31.182
22596,31.153
22597,31.187
22598,31.315
22599,31.29
22600,31.452
22601,31.614
22602,31.604
22603,31.604
22604,31.726
22605,31.761
22606,31.526
22607,31.81
22608,31.834
22609,31.819
22610,31.922
22611,32.132
22612,32.171
22613,32.132
22614,32.239
22615,32.229
22616,32.336
22617,32.521
22618,32.647
22619,32.86
22620,32.788
22621,32.768
22622,32.788
22623,32.652
22624,32.676
22625,32.846
22626,33.107
22627,33.02
22628,33.107
22629,33.141
22630,32.986
22631,33.136
22632,33.228
22633,33.17
22634,33.228
22635,33.286
22636,33.136
22637,32.943
22638,32.633
22639,32.574
22640,32.633
22641,32.433
22642,32.467
22643,32.292
22644,32.171
22645,31.971
22646,32.005
22647,31.995
22648,32.063
22649,31.956
22650,31.839
22651,31.702
22652,31.761
22653,31.883
22654,31.863
22655,31.79
22656,31.775
22657,31.766
22658,31.677
22659,31.619
22660,31.565
22661,31.575
22662,31.477
22663,31.57
22664,31.54
22665,31.442
22666,31.369
22667,31.202
22668,31.069
22669,30.867
22670,30.764
22671,30.428
22672,29.942
22673,29.309
22674,28.707
22675,28.38
22676,28.042
22677,27.91
22678,27.697
22679,27.707
22680,27.469
22681,27.423
22682,27.296
22683,27.183
22684,27.061
22685,27.087
22686,26.893
22687,26.847
22688,26.841
22689,26.882
22690,26.647
22691,26.56
22692,26.447
22693,26.56
22694,26.339
22695,26.401
22696,26.267
22697,26.195
22698,26.308
22699,26.267
22700,26.175
22701,26.123
22702,26.123
22703,26.051
22704,26.056
22705,26.046
22706,26.097
22707,26.061
22708,26.108
22709,25.912
22710,25.958
22711,25.927
22712,25.943
22713,26.0
22714,25.948
22715,25.979
22716,25.902
22717,25.865
22718,25.757
22719,25.902
22720,26.473
22721,26.488
22722,26.483
22723,26.667
22724,26.642
22725,26.785
22726,26.765
22727,26.826
22728,26.923
22729,27.081
22730,27.138
22731,27.326
22732,27.326
22733,27.448
22734,27.504
22735,27.56
22736,27.869
22737,27.834
22738,28.042
22739,28.198
22740,28.269
22741,28.35
22742,28.647
22743,28.953
22744,28.998
22745,29.334
22746,29.553
22747,29.748
22748,30.011
22749,30.249
22750,30.457
22751,30.769
22752,30.946
22753,31.02
22754,31.123
22755,31.099
22756,31.236
22757,31.153
22758,31.217
22759,31.403
22760,31.526
22761,31.624
22762,31.868
22763,31.658
22764,31.717
22765,31.736
22766,31.629
22767,31.638
22768,31.941
22769,31.81
22770,31.878
22771,32.039
22772,32.127
22773,32.258
22774,32.19
22775,32.146
22776,32.21
22777,32.453
22778,32.613
22779,32.793
22780,32.87
22781,32.826
22782,32.763
22783,32.662
22784,32.637
22785,33.131
22786,33.213
22787,33.078
22788,33.015
22789,33.233
22790,33.035
22791,33.078
22792,33.102
22793,33.136
22794,33.078
22795,33.281
22796,33.093
22797,32.933
22798,32.802
22799,32.657
22800,32.521
22801,32.545
22802,32.375
22803,32.346
22804,32.171
22805,32.151
22806,32.127
22807,32.02
22808,32.112
22809,32.0
22810,31.834
22811,31.868
22812,31.893
22813,31.956
22814,31.937
22815,31.829
22816,31.829
22817,31.819
22818,31.844
22819,31.643
22820,31.491
22821,31.496
22822,31.491
22823,31.531
22824,31.388
22825,31.472
22826,31.305
22827,31.285
22828,31.207
22829,31.005
22830,30.586
22831,30.492
22832,30.026
22833,29.354
22834,28.747
22835,28.37
22836,28.047
22837,27.844
22838,27.743
22839,27.423
22840,27.54
22841,27.402
22842,27.24
22843,27.224
22844,27.132
22845,27.087
22846,26.893
22847,26.898
22848,26.76
22849,26.713
22850,26.657
22851,26.452
22852,26.478
22853,26.457
22854,26.344
22855,26.293
22856,26.349
22857,26.226
22858,26.211
22859,26.108
22860,26.144
22861,26.056
22862,26.103
22863,26.097
22864,26.133
22865,26.092
22866,26.036
22867,26.056
22868,26.036
22869,25.969
22870,26.03
22871,25.984
22872,25.886
22873,25.876
22874,25.953
22875,25.969
22876,25.932
22877,26.0
22878,25.742
22879,25.772
22880,26.493
22881,26.478
22882,26.519
22883,26.652
22884,26.652
22885,26.811
22886,26.765
22887,26.949
22888,26.933
22889,27.005
22890,27.219
22891,27.178
22892,27.311
22893,27.423
22894,27.555
22895,27.662
22896,27.829
22897,27.854
22898,28.087
22899,28.183
22900,28.455
22901,28.42
22902,28.471
22903,28.772
22904,29.123
22905,29.163
22906,29.513
22907,29.693
22908,30.011
22909,30.294
22910,30.571
22911,30.704
22912,30.961
22913,30.838
22914,31.069
22915,31.089
22916,31.148
22917,31.197
22918,31.246
22919,31.285
22920,31.472
22921,31.658
22922,31.643
22923,31.873
22924,31.751
22925,31.79
22926,31.624
22927,31.565
22928,31.81
22929,32.141
22930,32.034
22931,32.029
22932,32.049
22933,32.195
22934,32.112
22935,32.18
22936,32.151
22937,32.482
22938,32.686
22939,32.671
22940,32.715
22941,32.856
22942,32.836
22943,32.642
22944,32.594
22945,33.049
22946,33.291
22947,33.102
22948,33.117
22949,33.281
22950,32.865
22951,32.972
22952,32.918
22953,33.025
22954,33.17
22955,33.252
22956,32.928
22957,32.918
22958,32.768
22959,32.594
22960,32.487
22961,32.467
22962,32.365
22963,32.205
22964,32.18
22965,32.146
22966,32.146
22967,31.951
22968,32.117
22969,31.883
22970,31.751
22971,31.941
22972,31.98
22973,31.98
22974,31.795
22975,31.99
22976,31.863
22977,31.98
22978,31.717
22979,31.697
22980,31.692
22981,31.472
22982,31.501
22983,31.54
22984,31.486
22985,31.364
22986,31.374
22987,31.359
22988,31.103
22989,30.759
22990,30.546
22991,30.571
22992,30.026
22993,29.289
22994,28.682
22995,28.284
22996,28.057
22997,28.001
22998,27.976
22999,27.58
23000,27.433
23001,27.392
23002,27.224
23003,27.168
23004,27.112
23005,27.061
23006,26.918
23007,26.744
23008,26.8
23009,26.785
23010,26.703
23011,26.539
23012,26.539
23013,26.365
23014,26.329
23015,26.349
23016,26.308
23017,26.195
23018,26.118
23019,26.19
23020,26.056
23021,26.154
23022,26.257
23023,26.077
23024,26.103
23025,26.072
23026,26.097
23027,26.061
23028,25.974
23029,26.0
23030,25.984
23031,25.963
23032,25.907
23033,25.969
23034,25.963
23035,25.855
23036,25.974
23037,25.891
23038,25.84
23039,25.917
23040,26.437
23041,26.473
23042,26.432
23043,26.596
23044,26.693
23045,26.913
23046,26.928
23047,26.944
23048,26.908
23049,27.122
23050,27.209
23051,27.229
23052,27.474
23053,27.504
23054,27.596
23055,27.682
23056,27.834
23057,27.945
23058,28.163
23059,28.047
23060,28.345
23061,28.465
23062,28.727
23063,28.888
23064,29.003
23065,29.468
23066,29.603
23067,29.713
23068,29.991
23069,30.373
23070,30.64
23071,30.773
23072,30.907
23073,31.089
23074,31.059
23075,31.01
23076,31.01
23077,31.295
23078,31.3
23079,31.28
23080,31.413
23081,31.736
23082,31.692
23083,31.907
23084,32.0
23085,31.829
23086,31.722
23087,31.726
23088,31.81
23089,32.059
23090,32.258
23091,32.176
23092,32.166
23093,32.214
23094,32.132
23095,32.214
23096,32.317
23097,32.36
23098,32.506
23099,32.628
23100,32.642
23101,32.943
23102,32.904
23103,32.696
23104,32.696
23105,33.006
23106,33.266
23107,33.18
23108,32.981
23109,33.146
23110,33.083
23111,32.938
23112,32.991
23113,33.064
23114,33.083
23115,32.88
23116,32.836
23117,32.822
23118,32.487
23119,32.477
23120,32.511
23121,32.37
23122,32.239
23123,32.292
23124,32.448
23125,32.2
23126,32.331
23127,32.21
23128,32.0
23129,31.717
23130,31.878
23131,32.039
23132,32.107
23133,31.956
23134,32.078
23135,32.02
23136,31.961
23137,31.868
23138,31.912
23139,31.844
23140,31.766
23141,31.32
23142,31.393
23143,31.535
23144,31.467
23145,31.388
23146,31.271
23147,31.251
23148,30.985
23149,30.783
23150,30.635
23151,30.477
23152,30.081
23153,29.443
23154,28.782
23155,28.355
23156,28.077
23157,27.93
23158,27.733
23159,27.601
23160,27.448
23161,27.28
23162,27.194
23163,27.173
23164,27.01
23165,27.066
23166,26.887
23167,26.811
23168,26.749
23169,26.688
23170,26.673
23171,26.503
23172,26.483
23173,26.467
23174,26.498
23175,26.349
23176,26.298
23177,26.308
23178,26.298
23179,26.221
23180,26.066
23181,26.211
23182,26.154
23183,26.159
23184,26.056
23185,26.087
23186,26.159
23187,26.108
23188,26.046
23189,26.087
23190,26.036
23191,26.015
23192,25.984
23193,26.015
23194,26.025
23195,25.798
23196,26.041
23197,25.891
23198,25.989
23199,25.881
23200,26.493
23201,26.473
23202,26.626
23203,26.621
23204,26.657
23205,26.765
23206,27.01
23207,26.913
23208,26.969
23209,27.138
23210,27.25
23211,27.25
23212,27.443
23213,27.479
23214,27.545
23215,27.722
23216,27.788
23217,27.956
23218,28.117
23219,28.158
23220,28.279
23221,28.506
23222,28.667
23223,28.848
23224,29.068
23225,29.299
23226,29.728
23227,29.832
23228,30.036
23229,30.289
23230,30.64
23231,30.754
23232,30.911
23233,30.971
23234,31.049
23235,30.98
23236,31.059
23237,31.236
23238,31.285
23239,31.428
23240,31.349
23241,31.668
23242,31.746
23243,31.873
23244,32.049
23245,31.766
23246,31.805
23247,31.77
23248,31.844
23249,31.897
23250,32.253
23251,32.224
23252,32.219
23253,32.161
23254,32.297
23255,32.409
23256,32.356
23257,32.404
23258,32.365
23259,32.579
23260,32.715
23261,32.749
23262,32.87
23263,32.904
23264,32.657
23265,33.083
23266,33.382
23267,33.01
23268,33.039
23269,33.155
23270,32.865
23271,32.889
23272,32.923
23273,32.962
23274,33.155
23275,32.933
23276,32.856
23277,32.802
23278,32.569
23279,32.477
23280,32.487
23281,32.409
23282,32.297
23283,32.2
23284,32.492
23285,32.375
23286,32.156
23287,32.19
23288,31.849
23289,31.893
23290,32.0
23291,32.073
23292,31.951
23293,31.756
23294,31.961
23295,32.049
23296,32.112
23297,32.015
23298,31.961
23299,31.897
23300,31.79
23301,31.511
23302,31.516
23303,31.521
23304,31.393
23305,31.433
23306,31.374
23307,31.29
23308,30.916
23309,30.852
23310,30.734
23311,30.527
23312,30.11
23313,29.583
23314,28.802
23315,28.339
23316,27.93
23317,27.961
23318,27.621
23319,27.606
23320,27.402
23321,27.402
23322,27.306
23323,27.265
23324,27.122
23325,26.933
23326,26.923
23327,26.811
23328,26.826
23329,26.585
23330,26.637
23331,26.57
23332,26.529
23333,26.493
23334,26.467
23335,26.298
23336,26.39
23337,26.247
23338,26.19
23339,26.149
23340,26.082
23341,26.205
23342,26.077
23343,26.087
23344,26.056
23345,26.056
23346,26.02
23347,26.092
23348,25.943
23349,26.077
23350,25.927
23351,25.912
23352,25.969
23353,26.005
23354,25.938
23355,25.932
23356,26.02
23357,25.855
23358,25.886
23359,25.84
23360,26.488
23361,26.596
23362,26.57
23363,26.673
23364,26.703
23365,26.867
23366,26.964
23367,26.974
23368,26.979
23369,27.03
23370,27.163
23371,27.336
23372,27.357
23373,27.514
23374,27.57
23375,27.743
23376,27.94
23377,27.961
23378,27.94
23379,28.163
23380,28.365
23381,28.496
23382,28.672
23383,28.923
23384,29.128
23385,29.209
23386,29.623
23387,29.807
23388,30.14
23389,30.353
23390,30.635
23391,30.798
23392,30.936
23393,30.951
23394,31.079
23395,30.951
23396,30.921
23397,31.197
23398,31.221
23399,31.344
23400,31.388
23401,31.491
23402,31.702
23403,31.863
23404,31.995
23405,32.068
23406,31.819
23407,32.044
23408,31.937
23409,32.049
23410,32.054
23411,32.258
23412,32.21
23413,32.18
23414,32.229
23415,32.288
23416,32.385
23417,32.487
23418,32.487
23419,32.623
23420,32.846
23421,32.807
23422,32.875
23423,32.923
23424,32.846
23425,33.242
23426,33.262
23427,32.972
23428,32.822
23429,33.039
23430,32.725
23431,32.933
23432,32.943
23433,32.952
23434,33.025
23435,32.889
23436,32.739
23437,32.773
23438,32.472
23439,32.531
23440,32.613
23441,32.297
23442,32.404
23443,32.424
23444,32.482
23445,32.268
23446,32.244
23447,32.005
23448,32.039
23449,32.102
23450,32.063
23451,32.015
23452,31.863
23453,32.117
23454,32.137
23455,32.288
23456,32.141
23457,32.083
23458,31.98
23459,31.761
23460,31.805
23461,31.775
23462,31.633
23463,31.589
23464,31.54
23465,31.531
23466,31.457
23467,31.162
23468,31.054
23469,30.926
23470,30.847
23471,30.63
23472,30.21
23473,29.473
23474,28.712
23475,28.39
23476,28.011
23477,27.915
23478,27.58
23479,27.463
23480,27.489
23481,27.326
23482,27.234
23483,27.005
23484,26.913
23485,26.939
23486,26.841
23487,26.785
23488,26.719
23489,26.724
23490,26.591
23491,26.56
23492,26.524
23493,26.467
23494,26.313
23495,26.349
23496,26.293
23497,26.205
23498,26.334
23499,26.123
23500,26.216
23501,26.231
23502,26.118
23503,26.097
23504,26.051
23505,26.103
23506,26.092
23507,26.036
23508,25.932
23509,25.86
23510,25.989
23511,25.948
23512,25.958
23513,25.943
23514,25.912
23515,25.984
23516,25.994
23517,25.891
23518,25.809
23519,26.051
23520,26.478
23521,26.503
23522,26.555
23523,26.667
23524,26.529
23525,26.729
23526,26.785
23527,26.995
23528,26.979
23529,27.127
23530,27.158
23531,27.377
23532,27.509
23533,27.458
23534,27.616
23535,27.702
23536,27.738
23537,27.875
23538,28.001
23539,28.112
23540,28.324
23541,28.521
23542,28.707
23543,28.868
23544,29.153
23545,29.403
23546,29.553
23547,29.827
23548,30.115
23549,30.492
23550,30.694
23551,30.921
23552,31.005
23553,30.897
23554,30.857
23555,30.966
23556,31.113
23557,31.182
23558,31.207
23559,31.246
23560,31.472
23561,31.584
23562,31.78
23563,31.775
23564,31.995
23565,31.961
23566,31.878
23567,31.932
23568,32.122
23569,32.18
23570,32.176
23571,32.244
23572,32.463
23573,32.219
23574,32.419
23575,32.36
23576,32.351
23577,32.565
23578,32.477
23579,32.467
23580,32.802
23581,32.793
23582,32.657
23583,32.899
23584,32.918
23585,33.015
23586,33.175
23587,32.739
23588,32.676
23589,32.734
23590,32.666
23591,32.836
23592,33.006
23593,32.918
23594,32.754
23595,32.681
23596,32.788
23597,32.686
23598,32.565
23599,32.56
23600,32.579
23601,32.521
23602,32.526
23603,32.574
23604,32.433
23605,32.219
23606,32.073
23607,32.166
23608,32.073
23609,32.122
23610,31.888
23611,31.961
23612,31.937
23613,32.317
23614,32.404
23615,32.205
23616,32.039
23617,32.044
23618,32.005
23619,31.844
23620,31.766
23621,31.604
23622,31.682
23623,31.619
23624,31.506
23625,31.457
23626,31.246
23627,30.976
23628,30.951
23629,30.877
23630,30.911
23631,30.571
23632,30.18
23633,29.393
23634,28.677
23635,28.405
23636,28.016
23637,27.915
23638,27.606
23639,27.489
23640,27.438
23641,27.234
23642,27.117
23643,27.097
23644,26.918
23645,26.918
23646,26.78
23647,26.821
23648,26.657
23649,26.647
23650,26.524
23651,26.524
23652,26.473
23653,26.462
23654,26.411
23655,26.277
23656,26.277
23657,26.226
23658,26.288
23659,26.139
23660,26.072
23661,26.211
23662,26.19
23663,26.077
23664,26.113
23665,26.066
23666,26.195
23667,26.139
23668,26.103
23669,25.927
23670,25.896
23671,25.953
23672,25.994
23673,25.984
23674,26.0
23675,25.943
23676,25.989
23677,25.979
23678,25.948
23679,25.912
23680,26.462
23681,26.56
23682,26.56
23683,26.616
23684,26.596
23685,26.826
23686,26.852
23687,26.99
23688,27.02
23689,27.071
23690,27.28
23691,27.316
23692,27.443
23693,27.489
23694,27.535
23695,27.682
23696,27.788
23697,27.793
23698,27.945
23699,28.208
23700,28.44
23701,28.42
23702,28.637
23703,28.908
23704,29.113
23705,29.393
23706,29.593
23707,29.912
23708,30.066
23709,30.418
23710,30.734
23711,30.99
23712,31.187
23713,31.094
23714,31.01
23715,30.971
23716,31.059
23717,31.221
23718,31.187
23719,31.231
23720,31.354
23721,31.643
23722,31.766
23723,31.707
23724,31.888
23725,31.966
23726,31.961
23727,31.961
23728,32.0
23729,32.307
23730,32.151
23731,32.244
23732,32.535
23733,32.453
23734,32.443
23735,32.399
23736,32.443
23737,32.438
23738,32.594
23739,32.555
23740,32.71
23741,32.705
23742,32.681
23743,32.793
23744,32.812
23745,32.977
23746,33.126
23747,32.686
23748,32.594
23749,32.875
23750,32.691
23751,32.87
23752,32.889
23753,32.826
23754,32.86
23755,32.676
23756,32.642
23757,32.608
23758,32.662
23759,32.599
23760,32.836
23761,32.429
23762,32.584
23763,32.482
23764,32.2
23765,32.132
23766,32.078
23767,32.093
23768,32.0
23769,31.863
23770,31.873
23771,32.034
23772,32.122
23773,32.365
23774,32.312
23775,32.141
23776,32.049
23777,32.039
23778,31.736
23779,31.775
23780,31.805
23781,31.849
23782,31.766
23783,31.526
23784,31.408
23785,31.403
23786,31.044
23787,31.084
23788,31.158
23789,31.035
23790,30.941
23791,30.694
23792,30.14
23793,29.398
23794,28.747
23795,28.39
23796,28.107
23797,27.976
23798,27.702
23799,27.504
23800,27.469
23801,27.229
23802,27.046
23803,27.02
23804,26.903
23805,26.831
23806,26.724
23807,26.77
23808,26.79
23809,26.647
23810,26.483
23811,26.493
23812,26.488
23813,26.385
23814,26.426
23815,26.355
23816,26.421
23817,26.252
23818,26.226
23819,26.288
23820,26.18
23821,26.247
23822,26.169
23823,26.108
23824,26.2
23825,26.056
23826,26.103
23827,26.118
23828,26.082
23829,25.969
23830,25.917
23831,25.994
23832,25.922
23833,25.86
23834,25.948
23835,25.958
23836,25.989
23837,25.943
23838,25.907
23839,25.902
23840,26.452
23841,26.514
23842,26.539
23843,26.637
23844,26.667
23845,26.882
23846,26.872
23847,26.908
23848,27.046
23849,27.056
23850,27.122
23851,27.346
23852,27.418
23853,27.596
23854,27.484
23855,27.667
23856,27.768
23857,27.839
23858,27.956
23859,28.203
23860,28.339
23861,28.46
23862,28.767
23863,28.993
23864,29.158
23865,29.453
23866,29.703
23867,29.952
23868,30.101
23869,30.507
23870,30.847
23871,30.764
23872,31.177
23873,31.069
23874,31.064
23875,30.985
23876,31.059
23877,31.123
23878,31.29
23879,31.369
23880,31.344
23881,31.516
23882,31.858
23883,31.805
23884,31.766
23885,31.697
23886,31.839
23887,32.005
23888,32.21
23889,32.278
23890,32.385
23891,32.288
23892,32.472
23893,32.55
23894,32.531
23895,32.487
23896,32.409
23897,32.555
23898,32.594
23899,32.482
23900,32.705
23901,32.739
23902,32.71
23903,32.836
23904,32.899
23905,32.817
23906,32.967
23907,32.817
23908,32.666
23909,32.652
23910,32.696
23911,32.928
23912,32.86
23913,32.807
23914,32.691
23915,32.72
23916,32.657
23917,32.73
23918,32.696
23919,32.846
23920,32.691
23921,32.448
23922,32.453
23923,32.429
23924,32.346
23925,32.088
23926,32.112
23927,31.956
23928,31.897
23929,31.834
23930,31.897
23931,32.034
23932,32.433
23933,32.307
23934,32.098
23935,32.19
23936,32.01
23937,31.946
23938,31.941
23939,32.059
23940,32.024
23941,31.712
23942,31.746
23943,31.526
23944,31.379
23945,31.349
23946,31.369
23947,31.33
23948,31.256
23949,31.059
23950,31.089
23951,30.699
23952,30.2
23953,29.413
23954,28.752
23955,28.339
23956,28.062
23957,27.834
23958,27.656
23959,27.53
23960,27.362
23961,27.178
23962,27.036
23963,26.984
23964,26.974
23965,26.877
23966,26.785
23967,26.688
23968,26.678
23969,26.647
23970,26.452
23971,26.442
23972,26.457
23973,26.339
23974,26.241
23975,26.37
23976,26.298
23977,26.324
23978,26.221
23979,26.236
23980,26.216
23981,26.205
23982,26.128
23983,26.097
23984,26.144
23985,26.046
23986,26.118
23987,26.025
23988,26.005
23989,26.015
23990,25.979
23991,25.912
23992,25.917
23993,25.922
23994,25.902
23995,25.845
23996,25.912
23997,25.886
23998,25.943
23999,25.917
24000,26.498
24001,26.38
24002,26.575
24003,26.667
24004,26.632
24005,26.713
24006,26.923
24007,26.867
24008,27.01
24009,27.03
24010,27.168
24011,27.296
24012,27.372
24013,27.397
24014,27.509
24015,27.555
24016,27.596
24017,27.976
24018,27.89
24019,28.077
24020,28.345
24021,28.46
24022,28.782
24023,28.903
24024,29.168
24025,29.443
24026,29.772
24027,29.807
24028,30.185
24029,30.408
24030,30.813
24031,30.862
24032,31.089
24033,31.148
24034,30.985
24035,30.926
24036,30.946
24037,31.158
24038,31.374
24039,31.339
24040,31.349
24041,31.442
24042,31.702
24043,31.956
24044,31.839
24045,31.897
24046,31.971
24047,31.946
24048,32.195
24049,32.224
24050,32.263
24051,32.19
24052,32.399
24053,32.453
24054,32.574
24055,32.521
24056,32.419
24057,32.516
24058,32.594
24059,32.608
24060,32.793
24061,32.802
24062,32.662
24063,32.841
24064,32.807
24065,32.783
24066,32.773
24067,32.691
24068,32.691
24069,32.768
24070,32.7
24071,32.763
24072,32.793
24073,32.681
24074,32.797
24075,32.662
24076,32.642
24077,32.666
24078,32.793
24079,32.807
24080,32.696
24081,32.623
24082,32.569
24083,32.448
24084,32.278
24085,32.112
24086,32.127
24087,32.122
24088,31.927
24089,31.893
24090,31.775
24091,32.024
24092,32.19
24093,32.214
24094,32.2
24095,32.005
24096,31.902
24097,32.098
24098,32.146
24099,32.059
24100,31.927
24101,31.766
24102,31.56
24103,31.506
24104,31.31
24105,31.57
24106,31.33
24107,31.153
24108,31.271
24109,31.074
24110,30.892
24111,30.704
24112,30.319
24113,29.508
24114,28.762
24115,28.314
24116,27.976
24117,27.854
24118,27.631
24119,27.53
24120,27.418
24121,27.377
24122,27.041
24123,27.051
24124,26.918
24125,26.8
24126,26.775
24127,26.708
24128,26.688
24129,26.591
24130,26.544
24131,26.473
24132,26.442
24133,26.437
24134,26.36
24135,26.349
24136,26.401
24137,26.303
24138,26.2
24139,26.205
24140,26.185
24141,26.252
24142,26.036
24143,26.051
24144,26.113
24145,26.041
24146,26.046
24147,26.092
24148,26.072
24149,25.922
24150,25.958
24151,25.907
24152,25.86
24153,25.907
24154,25.938
24155,25.809
24156,25.948
24157,25.891
24158,25.912
24159,25.865
24160,26.488
24161,26.529
24162,26.529
24163,26.56
24164,26.698
24165,26.657
24166,26.841
24167,26.836
24168,26.918
24169,27.01
24170,27.092
24171,27.173
24172,27.463
24173,27.336
24174,27.494
24175,27.667
24176,27.748
24177,27.854
24178,27.986
24179,28.067
24180,28.41
24181,28.521
24182,28.818
24183,28.998
24184,29.264
24185,29.513
24186,29.753
24187,29.767
24188,30.12
24189,30.586
24190,30.867
24191,31.064
24192,31.158
24193,31.108
24194,31.049
24195,31.005
24196,30.985
24197,31.177
24198,31.256
24199,31.349
24200,31.271
24201,31.398
24202,31.687
24203,31.844
24204,32.059
24205,32.063
24206,32.024
24207,31.961
24208,32.151
24209,32.258
24210,32.414
24211,32.322
24212,32.487
24213,32.501
24214,32.691
24215,32.574
24216,32.482
24217,32.511
24218,32.637
24219,32.555
24220,32.749
24221,32.923
24222,32.788
24223,32.768
24224,32.865
24225,32.739
24226,32.73
24227,32.696
24228,32.666
24229,32.744
24230,32.836
24231,32.826
24232,32.681
24233,32.647
24234,32.618
24235,32.676
24236,32.822
24237,32.86
24238,32.923
24239,32.928
24240,32.739
24241,32.603
24242,32.763
24243,32.642
24244,32.419
24245,32.292
24246,32.258
24247,32.18
24248,31.985
24249,31.927
24250,31.946
24251,31.995
24252,32.185
24253,32.19
24254,32.029
24255,31.927
24256,32.156
24257,32.151
24258,32.044
24259,31.888
24260,31.854
24261,31.858
24262,31.697
24263,31.565
24264,31.658
24265,31.584
24266,31.349
24267,31.271
24268,31.315
24269,30.99
24270,30.931
24271,30.507
24272,30.289
24273,29.708
24274,28.903
24275,28.491
24276,27.895
24277,27.814
24278,27.768
24279,27.575
24280,27.428
24281,27.138
24282,27.081
24283,27.005
24284,26.928
24285,26.841
24286,26.877
24287,26.826
24288,26.719
24289,26.647
24290,26.344
24291,26.503
24292,26.396
24293,26.355
24294,26.272
24295,26.303
24296,26.283
24297,26.221
24298,26.236
24299,26.216
24300,26.195
24301,26.221
24302,26.205
24303,26.041
24304,26.056
24305,25.917
24306,26.133
24307,26.128
24308,25.963
24309,25.969
24310,25.958
24311,25.943
24312,25.932
24313,25.922
24314,25.917
24315,25.969
24316,25.922
24317,25.85
24318,25.891
24319,25.932
24320,26.524
24321,26.519
24322,26.565
24323,26.678
24324,26.683
24325,26.703
24326,26.944
24327,26.928
24328,27.056
24329,26.974
24330,27.158
24331,27.296
24332,27.285
24333,27.55
24334,27.575
24335,27.621
24336,27.682
24337,27.824
24338,27.945
24339,28.097
24340,28.38
24341,28.662
24342,28.662
24343,28.968
24344,29.204
24345,29.463
24346,29.678
24347,29.842
24348,30.13
24349,30.487
24350,30.911
24351,31.084
24352,31.192
24353,31.177
24354,31.118
24355,31.02
24356,31.0
24357,31.212
24358,31.32
24359,31.374
24360,31.501
24361,31.535
24362,31.584
24363,31.941
24364,32.205
24365,32.166
24366,32.122
24367,32.117
24368,32.176
24369,32.234
24370,32.409
24371,32.506
24372,32.356
24373,32.531
24374,32.642
24375,32.705
24376,32.608
24377,32.676
24378,32.652
24379,32.662
24380,32.759
24381,32.933
24382,32.812
24383,32.817
24384,32.889
24385,32.822
24386,32.807
24387,32.72
24388,32.657
24389,32.725
24390,32.793
24391,32.744
24392,32.657
24393,32.608
24394,32.831
24395,32.73
24396,32.802
24397,32.817
24398,32.923
24399,32.856
24400,32.72
24401,32.744
24402,33.054
24403,32.671
24404,32.458
24405,32.463
24406,32.545
24407,32.063
24408,32.117
24409,31.956
24410,31.766
24411,31.844
24412,32.029
24413,32.253
24414,32.024
24415,32.117
24416,32.21
24417,31.922
24418,31.902
24419,31.77
24420,31.682
24421,31.604
24422,31.516
24423,31.819
24424,31.56
24425,31.428
24426,31.364
24427,31.325
24428,31.099
24429,31.005
24430,30.887
24431,30.665
24432,30.299
24433,29.762
24434,28.868
24435,28.264
24436,27.945
24437,27.799
24438,27.601
24439,27.514
24440,27.336
24441,27.29
24442,27.036
24443,27.076
24444,27.005
24445,26.928
24446,26.831
24447,26.719
24448,26.708
24449,26.647
24450,26.467
24451,26.432
24452,26.257
24453,26.375
24454,26.334
24455,26.432
24456,26.313
24457,26.288
24458,26.211
24459,26.247
24460,26.262
24461,26.164
24462,26.092
24463,26.077
24464,26.005
24465,26.082
24466,25.989
24467,26.01
24468,25.855
24469,25.943
24470,25.917
24471,26.0
24472,25.891
24473,26.0
24474,25.932
24475,26.036
24476,25.896
24477,25.881
24478,25.963
24479,25.896
24480,26.411
24481,26.524
24482,26.585
24483,26.729
24484,26.749
24485,26.729
24486,26.887
24487,26.939
24488,26.872
24489,27.071
24490,27.173
24491,27.321
24492,27.484
24493,27.509
24494,27.575
24495,27.58
24496,27.819
24497,27.956
24498,27.905
24499,28.052
24500,28.38
24501,28.536
24502,28.813
24503,29.033
24504,29.284
24505,29.463
24506,29.733
24507,29.852
24508,30.15
24509,30.571
24510,30.897
24511,31.059
24512,31.3
24513,31.162
24514,31.167
24515,31.108
24516,31.0
24517,31.079
24518,31.226
24519,31.364
24520,31.531
24521,31.604
24522,31.746
24523,31.873
24524,32.166
24525,32.214
24526,32.18
24527,32.141
24528,32.151
24529,32.171
24530,32.463
24531,32.506
24532,32.472
24533,32.565
24534,32.521
24535,32.666
24536,32.71
24537,32.744
24538,32.846
24539,32.749
24540,32.88
24541,32.967
24542,32.986
24543,32.899
24544,32.986
24545,32.759
24546,32.851
24547,32.749
24548,32.734
24549,32.725
24550,32.739
24551,32.773
24552,32.662
24553,32.773
24554,33.044
24555,32.71
24556,32.715
24557,32.909
24558,33.146
24559,32.875
24560,32.807
24561,33.175
24562,33.078
24563,32.676
24564,32.652
24565,32.73
24566,32.224
24567,32.083
24568,32.029
24569,32.063
24570,31.824
24571,32.078
24572,32.205
24573,32.015
24574,32.151
24575,32.161
24576,32.117
24577,31.912
24578,31.805
24579,31.677
24580,31.423
24581,31.501
24582,31.77
24583,31.58
24584,31.491
24585,31.477
24586,31.393
24587,31.054
24588,31.094
24589,31.113
24590,30.921
24591,30.566
24592,30.329
24593,29.832
24594,28.797
24595,28.415
24596,27.854
24597,27.778
24598,27.667
24599,27.433
24600,27.438
24601,27.122
24602,27.081
24603,26.995
24604,27.025
24605,26.944
24606,26.811
24607,26.785
24608,26.616
24609,26.616
24610,26.457
24611,26.462
24612,26.555
24613,26.488
24614,26.36
24615,26.226
24616,26.267
24617,26.267
24618,26.298
24619,26.159
24620,26.092
24621,26.226
24622,26.061
24623,26.092
24624,25.922
24625,25.994
24626,26.015
24627,26.005
24628,26.036
24629,26.015
24630,25.886
24631,25.922
24632,25.969
24633,25.963
24634,25.86
24635,25.922
24636,26.051
24637,25.731
24638,25.974
24639,25.824
24640,26.355
24641,26.493
24642,26.509
24643,26.647
24644,26.683
24645,26.683
24646,26.918
24647,26.898
24648,26.954
24649,27.03
24650,27.138
24651,27.229
24652,27.28
24653,27.626
24654,27.423
24655,27.616
24656,27.646
24657,27.788
24658,28.092
24659,28.092
24660,28.223
24661,28.501
24662,28.647
24663,29.033
24664,29.274
24665,29.523
24666,29.718
24667,29.822
24668,30.21
24669,30.606
24670,30.902
24671,31.133
24672,31.354
24673,31.3
24674,31.349
24675,31.202
24676,31.113
24677,31.044
24678,31.29
24679,31.447
24680,31.535
24681,31.697
24682,31.78
24683,32.005
24684,32.171
24685,32.273
24686,32.132
24687,32.219
24688,32.253
24689,32.244
24690,32.234
24691,32.395
24692,32.531
24693,32.55
24694,32.506
24695,32.613
24696,32.681
24697,32.914
24698,32.715
24699,32.875
24700,32.797
24701,32.943
24702,32.962
24703,32.967
24704,32.885
24705,32.914
24706,32.841
24707,32.783
24708,32.744
24709,32.783
24710,32.768
24711,32.822
24712,32.754
24713,32.86
24714,32.977
24715,32.681
24716,32.846
24717,32.894
24718,32.947
24719,32.87
24720,33.078
24721,33.281
24722,33.078
24723,32.652
24724,32.7
24725,32.555
24726,32.244
24727,32.083
24728,32.0
24729,31.937
24730,32.102
24731,32.107
24732,31.922
24733,32.005
24734,32.117
24735,31.985
24736,31.873
24737,31.673
24738,31.589
24739,31.555
24740,31.668
24741,31.819
24742,31.687
24743,31.643
24744,31.531
24745,31.428
24746,31.423
24747,31.388
24748,31.226
24749,31.074
24750,30.966
24751,30.655
24752,30.433
24753,29.807
24754,28.928
24755,28.304
24756,27.824
24757,27.783
24758,27.545
24759,27.433
24760,27.275
24761,27.066
24762,27.041
24763,27.01
24764,27.041
24765,26.979
24766,26.724
24767,26.749
24768,26.56
24769,26.596
24770,26.55
24771,26.534
24772,26.442
24773,26.421
24774,26.478
24775,26.308
24776,26.334
24777,26.272
24778,26.241
24779,26.211
24780,26.2
24781,26.133
24782,26.175
24783,26.097
24784,26.046
24785,26.061
24786,26.092
24787,25.984
24788,26.077
24789,26.051
24790,25.984
24791,25.969
24792,25.84
24793,25.974
24794,25.778
24795,25.902
24796,25.845
24797,25.7
24798,25.71
24799,25.788
24800,26.544
24801,26.514
24802,26.585
24803,26.611
24804,26.693
24805,26.872
24806,26.918
24807,26.939
24808,26.908
24809,27.168
24810,27.148
24811,27.27
24812,27.372
24813,27.474
24814,27.641
24815,27.504
24816,27.738
24817,28.016
24818,28.082
24819,28.122
24820,28.148
24821,28.516
24822,28.717
24823,28.943
24824,29.214
24825,29.438
24826,29.678
24827,29.892
24828,30.21
24829,30.606
24830,30.862
24831,31.094
24832,31.349
24833,31.3
24834,31.428
24835,31.3
24836,31.241
24837,31.064
24838,31.231
24839,31.545
24840,31.751
24841,31.878
24842,31.839
24843,31.961
24844,32.297
24845,32.322
24846,32.21
24847,32.112
24848,32.312
24849,32.54
24850,32.322
24851,32.429
24852,32.453
24853,32.516
24854,32.531
24855,32.676
24856,32.802
24857,32.904
24858,32.802
24859,32.967
24860,32.899
24861,32.885
24862,32.996
24863,32.947
24864,32.885
24865,32.914
24866,32.851
24867,32.86
24868,32.797
24869,32.851
24870,32.705
24871,32.865
24872,32.681
24873,32.928
24874,32.841
24875,32.918
24876,32.875
24877,32.928
24878,32.947
24879,32.899
24880,33.199
24881,33.329
24882,32.981
24883,32.676
24884,32.657
24885,32.244
24886,32.429
24887,32.112
24888,32.015
24889,32.244
24890,32.122
24891,32.21
24892,32.18
24893,31.961
24894,32.054
24895,31.932
24896,31.785
24897,31.482
24898,31.457
24899,31.643
24900,31.819
24901,31.761
24902,31.54
24903,31.472
24904,31.364
24905,31.354
24906,31.393
24907,31.364
24908,31.192
24909,31.153
24910,31.005
24911,30.847
24912,30.368
24913,29.758
24914,28.893
24915,28.244
24916,27.829
24917,27.783
24918,27.509
24919,27.58
24920,27.316
24921,27.163
24922,27.066
24923,26.974
24924,26.928
24925,26.765
24926,26.836
24927,26.575
24928,26.534
24929,26.498
24930,26.509
24931,26.473
24932,26.432
24933,26.462
24934,26.462
24935,26.426
24936,26.319
24937,26.319
24938,26.18
24939,26.133
24940,26.103
24941,26.2
24942,26.195
24943,26.103
24944,26.103
24945,26.159
24946,26.082
24947,26.108
24948,26.061
24949,26.061
24950,25.917
24951,25.994
24952,25.963
24953,25.943
24954,25.891
24955,25.855
24956,26.041
24957,25.845
24958,25.876
24959,25.912
24960,26.534
24961,26.529
24962,26.503
24963,26.55
24964,26.724
24965,26.79
24966,26.939
24967,26.923
24968,27.056
24969,27.178
24970,27.229
24971,27.387
24972,27.428
24973,27.453
24974,27.428
24975,27.712
24976,27.702
24977,27.88
24978,27.956
24979,28.193
24980,28.289
24981,28.566
24982,28.722
24983,29.048
24984,29.083
24985,29.388
24986,29.688
24987,29.802
24988,30.175
24989,30.497
24990,30.936
24991,31.094
24992,31.28
24993,31.339
24994,31.437
24995,31.413
24996,31.32
24997,31.383
24998,31.207
24999,31.398
25000,31.736
25001,31.902
25002,31.839
25003,31.897
25004,32.385
25005,32.322
25006,32.312
25007,32.224
25008,32.385
25009,32.424
25010,32.36
25011,32.443
25012,32.535
25013,32.487
25014,32.54
25015,32.618
25016,32.797
25017,32.894
25018,32.967
25019,32.933
25020,33.006
25021,32.928
25022,33.01
25023,33.107
25024,32.923
25025,32.967
25026,32.875
25027,32.894
25028,32.86
25029,32.904
25030,32.923
25031,32.783
25032,32.856
25033,32.797
25034,32.763
25035,32.681
25036,32.826
25037,32.914
25038,33.064
25039,33.093
25040,33.319
25041,33.31
25042,33.02
25043,32.633
25044,32.628
25045,32.526
25046,32.467
25047,32.214
25048,32.297
25049,32.244
25050,32.273
25051,32.176
25052,31.995
25053,31.995
25054,31.941
25055,31.858
25056,31.555
25057,31.609
25058,31.629
25059,31.707
25060,31.638
25061,31.472
25062,31.437
25063,31.58
25064,31.575
25065,31.54
25066,31.379
25067,31.138
25068,31.187
25069,31.123
25070,31.172
25071,30.655
25072,30.254
25073,29.558
25074,28.657
25075,28.269
25076,27.94
25077,27.601
25078,27.53
25079,27.418
25080,27.255
25081,27.24
25082,27.041
25083,27.02
25084,26.893
25085,26.954
25086,26.708
25087,26.555
25088,26.473
25089,26.488
25090,26.473
25091,26.555
25092,26.529
25093,26.401
25094,26.38
25095,26.396
25096,26.262
25097,26.2
25098,26.144
25099,26.139
25100,26.087
25101,26.097
25102,25.994
25103,26.169
25104,26.061
25105,26.082
25106,25.974
25107,26.175
25108,26.056
25109,26.051
25110,25.953
25111,25.865
25112,25.865
25113,25.969
25114,25.953
25115,25.948
25116,25.814
25117,25.974
25118,25.757
25119,25.84
25120,26.606
25121,26.539
25122,26.591
25123,26.626
25124,26.652
25125,26.836
25126,26.857
25127,26.913
25128,27.03
25129,27.117
25130,27.229
25131,27.29
25132,27.433
25133,27.53
25134,27.575
25135,27.58
25136,27.667
25137,27.748
25138,27.905
25139,28.087
25140,28.269
25141,28.586
25142,28.762
25143,28.908
25144,29.073
25145,29.438
25146,29.543
25147,29.892
25148,30.056
25149,30.487
25150,30.857
25151,31.246
25152,31.339
25153,31.501
25154,31.496
25155,31.457
25156,31.393
25157,31.54
25158,31.393
25159,31.55
25160,31.775
25161,32.02
25162,32.107
25163,32.02
25164,32.122
25165,32.414
25166,32.409
25167,32.326
25168,32.399
25169,32.433
25170,32.433
25171,32.501
25172,32.72
25173,32.545
25174,32.773
25175,32.633
25176,32.812
25177,32.967
25178,32.86
25179,32.962
25180,33.059
25181,33.02
25182,32.856
25183,33.03
25184,33.097
25185,32.962
25186,32.991
25187,32.851
25188,32.72
25189,32.928
25190,33.039
25191,32.918
25192,32.822
25193,32.851
25194,32.817
25195,32.822
25196,32.875
25197,32.928
25198,33.054
25199,33.266
25200,33.3
25201,33.165
25202,32.986
25203,32.749
25204,32.443
25205,32.652
25206,32.467
25207,32.657
25208,32.448
25209,32.185
25210,32.2
25211,32.02
25212,32.015
25213,31.956
25214,31.961
25215,31.761
25216,31.687
25217,31.756
25218,31.633
25219,31.486
25220,31.457
25221,31.589
25222,31.604
25223,31.717
25224,31.555
25225,31.334
25226,31.295
25227,31.33
25228,31.428
25229,31.226
25230,31.153
25231,30.788
25232,30.264
25233,29.518
25234,28.581
25235,28.259
25236,27.814
25237,27.677
25238,27.672
25239,27.397
25240,27.25
25241,27.148
25242,27.102
25243,27.076
25244,27.0
25245,26.836
25246,26.816
25247,26.467
25248,26.601
25249,26.498
25250,26.483
25251,26.509
25252,26.488
25253,26.503
25254,26.411
25255,26.257
25256,26.231
25257,26.056
25258,26.164
25259,26.19
25260,26.185
25261,26.103
25262,26.164
25263,26.108
25264,26.025
25265,26.128
25266,26.066
25267,26.087
25268,25.958
25269,25.902
25270,25.938
25271,26.0
25272,25.742
25273,25.953
25274,25.84
25275,25.969
25276,25.958
25277,25.85
25278,25.902
25279,25.736
25280,26.503
25281,26.426
25282,26.432
25283,26.58
25284,26.673
25285,26.857
25286,26.76
25287,26.944
25288,27.025
25289,27.143
25290,27.117
25291,27.301
25292,27.331
25293,27.413
25294,27.53
25295,27.524
25296,27.712
25297,27.885
25298,28.057
25299,28.087
25300,28.279
25301,28.46
25302,28.722
25303,28.838
25304,29.098
25305,29.403
25306,29.628
25307,29.653
25308,30.076
25309,30.452
25310,30.897
25311,30.976
25312,31.467
25313,31.677
25314,31.707
25315,31.398
25316,31.256
25317,31.418
25318,31.604
25319,31.58
25320,31.775
25321,32.0
25322,32.039
25323,32.278
25324,32.098
25325,32.506
25326,32.681
25327,32.521
25328,32.482
25329,32.506
25330,32.73
25331,32.705
25332,32.555
25333,32.657
25334,32.759
25335,32.681
25336,32.914
25337,32.996
25338,32.943
25339,33.02
25340,33.059
25341,33.097
25342,32.986
25343,33.184
25344,33.054
25345,32.967
25346,32.947
25347,32.744
25348,32.918
25349,32.899
25350,33.044
25351,32.981
25352,32.807
25353,32.904
25354,32.812
25355,32.846
25356,32.86
25357,32.938
25358,33.228
25359,33.469
25360,33.483
25361,33.088
25362,32.943
25363,32.739
25364,32.7
25365,32.836
25366,32.705
25367,32.657
25368,32.521
25369,32.312
25370,32.141
25371,32.195
25372,31.985
25373,31.976
25374,32.044
25375,31.854
25376,31.854
25377,31.589
25378,31.472
25379,31.584
25380,31.56
25381,31.609
25382,31.599
25383,31.57
25384,31.584
25385,31.462
25386,31.334
25387,31.482
25388,31.521
25389,31.207
25390,31.108
25391,30.69
25392,30.031
25393,29.143
25394,28.375
25395,27.961
25396,27.92
25397,27.692
25398,27.641
25399,27.306
25400,27.209
25401,27.061
25402,26.969
25403,26.933
25404,26.754
25405,26.841
25406,26.688
25407,26.708
25408,26.642
25409,26.575
25410,26.473
25411,26.524
25412,26.329
25413,26.385
25414,26.247
25415,26.288
25416,26.236
25417,26.164
25418,26.175
25419,26.123
25420,26.103
25421,26.082
25422,26.103
25423,26.092
25424,26.108
25425,26.097
25426,26.051
25427,26.066
25428,25.984
25429,26.041
25430,25.969
25431,25.881
25432,25.963
25433,26.061
25434,25.907
25435,25.829
25436,25.922
25437,25.865
25438,25.767
25439,25.845
25440,26.38
25441,26.483
25442,26.488
25443,26.596
25444,26.703
25445,26.8
25446,26.836
25447,26.933
25448,27.046
25449,27.189
25450,27.173
25451,27.331
25452,27.362
25453,27.321
25454,27.54
25455,27.474
25456,27.651
25457,27.783
25458,28.036
25459,28.021
25460,28.213
25461,28.314
25462,28.657
25463,28.802
25464,29.098
25465,29.428
25466,29.558
25467,29.713
25468,30.036
25469,30.447
25470,30.887
25471,31.241
25472,31.364
25473,31.467
25474,31.712
25475,31.379
25476,30.229
25477,29.986
25478,31.604
25479,31.614
25480,31.834
25481,31.917
25482,32.205
25483,32.253
25484,32.073
25485,32.399
25486,32.516
25487,32.652
25488,32.637
25489,32.657
25490,32.744
25491,32.73
25492,32.831
25493,32.856
25494,32.744
25495,32.831
25496,32.812
25497,32.938
25498,32.977
25499,33.02
25500,33.305
25501,33.315
25502,33.039
25503,33.107
25504,33.199
25505,33.039
25506,32.972
25507,32.841
25508,32.812
25509,33.073
25510,32.894
25511,32.875
25512,32.889
25513,33.064
25514,32.851
25515,33.01
25516,32.986
25517,33.126
25518,33.213
25519,33.368
25520,33.223
25521,33.015
25522,32.88
25523,32.856
25524,32.793
25525,32.734
25526,32.763
25527,32.666
25528,32.487
25529,32.477
25530,32.263
25531,32.146
25532,32.288
25533,32.117
25534,32.146
25535,31.966
25536,31.795
25537,31.516
25538,31.521
25539,31.702
25540,31.56
25541,31.746
25542,31.584
25543,31.555
25544,31.604
25545,31.486
25546,31.354
25547,31.393
25548,31.496
25549,31.108
25550,30.808
25551,30.398
25552,29.787
25553,28.908
25554,28.309
25555,27.961
25556,27.743
25557,27.575
25558,27.397
25559,27.321
25560,27.28
25561,27.122
25562,27.117
25563,27.02
25564,26.862
25565,26.928
25566,26.713
25567,26.698
25568,26.596
25569,26.524
25570,26.509
25571,26.37
25572,26.416
25573,26.329
25574,26.334
25575,26.339
25576,26.303
25577,26.19
25578,26.211
25579,26.169
25580,26.154
25581,26.097
25582,26.108
25583,26.082
25584,26.128
25585,26.108
25586,26.092
25587,26.221
25588,25.979
25589,26.02
25590,25.953
25591,25.829
25592,25.881
25593,25.989
25594,25.871
25595,25.948
25596,25.886
25597,25.855
25598,25.834
25599,25.814
25600,26.56
25601,26.58
25602,26.58
25603,26.667
25604,26.729
25605,26.667
25606,26.862
25607,26.984
25608,27.087
25609,27.041
25610,27.117
25611,27.265
25612,27.29
25613,27.448
25614,27.423
25615,27.504
25616,27.702
25617,27.793
25618,27.829
25619,28.143
25620,28.213
25621,28.319
25622,28.687
25623,28.717
25624,28.948
25625,29.374
25626,29.503
25627,29.802
25628,30.071
25629,30.482
25630,30.842
25631,31.059
25632,31.393
25633,31.452
25634,31.692
25635,31.3
25636,29.423
25637,29.438
25638,30.882
25639,31.824
25640,31.785
25641,32.039
25642,32.273
25643,32.288
25644,32.258
25645,32.385
25646,32.652
25647,32.647
25648,32.846
25649,32.831
25650,32.744
25651,32.744
25652,33.126
25653,32.856
25654,32.996
25655,32.856
25656,33.044
25657,32.981
25658,33.02
25659,33.247
25660,33.199
25661,33.324
25662,33.083
25663,33.112
25664,32.962
25665,33.02
25666,33.044
25667,32.88
25668,32.773
25669,33.015
25670,33.015
25671,32.841
25672,32.797
25673,33.044
25674,33.01
25675,32.918
25676,33.015
25677,33.208
25678,33.334
25679,33.286
25680,33.242
25681,33.223
25682,32.856
25683,32.899
25684,32.943
25685,33.068
25686,33.044
25687,33.117
25688,32.72
25689,32.458
25690,32.331
25691,32.448
25692,32.166
25693,32.229
25694,32.024
25695,31.77
25696,31.775
25697,31.766
25698,31.824
25699,31.844
25700,31.932
25701,31.78
25702,31.854
25703,31.442
25704,31.408
25705,31.462
25706,31.467
25707,31.231
25708,30.956
25709,30.931
25710,30.778
25711,30.319
25712,29.683
25713,28.953
25714,28.284
25715,27.905
25716,27.59
25717,27.575
25718,27.387
25719,27.229
25720,27.092
25721,27.051
25722,27.025
25723,26.857
25724,26.76
25725,26.887
25726,26.734
25727,26.667
25728,26.734
25729,26.585
25730,26.56
25731,26.534
25732,26.365
25733,26.308
25734,26.36
25735,26.329
25736,26.308
25737,26.185
25738,26.082
25739,26.154
25740,26.139
25741,26.175
25742,26.082
25743,26.118
25744,26.036
25745,26.108
25746,26.0
25747,26.015
25748,26.02
25749,25.984
25750,25.886
25751,25.912
25752,25.912
25753,25.876
25754,25.871
25755,25.927
25756,25.896
25757,25.943
25758,25.726
25759,25.767
25760,26.606
25761,26.544
25762,26.647
25763,26.693
25764,26.616
25765,26.862
25766,26.887
25767,26.984
25768,27.051
25769,27.025
25770,27.189
25771,27.178
25772,27.392
25773,27.316
25774,27.438
25775,27.499
25776,27.651
25777,27.864
25778,27.961
25779,27.996
25780,28.254
25781,28.385
25782,28.662
25783,28.647
25784,29.028
25785,29.249
25786,29.503
25787,29.777
25788,29.942
25789,30.428
25790,30.685
25791,31.025
25792,31.334
25793,31.462
25794,31.482
25795,30.833
25796,28.833
25797,28.993
25798,30.244
25799,31.81
25800,32.039
25801,32.137
25802,32.424
25803,32.346
25804,32.2
25805,32.331
25806,32.628
25807,32.885
25808,32.977
25809,32.991
25810,32.856
25811,32.812
25812,32.938
25813,33.088
25814,33.126
25815,33.112
25816,33.044
25817,33.044
25818,33.165
25819,33.266
25820,33.281
25821,33.257
25822,33.02
25823,33.044
25824,32.923
25825,32.947
25826,32.991
25827,33.035
25828,32.933
25829,33.117
25830,33.035
25831,32.797
25832,32.87
25833,32.865
25834,32.967
25835,32.875
25836,32.996
25837,33.218
25838,33.199
25839,33.213
25840,33.112
25841,33.18
25842,32.914
25843,32.943
25844,33.189
25845,33.165
25846,33.218
25847,33.068
25848,32.618
25849,32.671
25850,32.86
25851,32.419
25852,32.414
25853,32.112
25854,32.054
25855,31.878
25856,31.922
25857,31.78
25858,31.858
25859,31.917
25860,31.951
25861,31.854
25862,31.594
25863,31.437
25864,31.521
25865,31.374
25866,30.985
25867,30.897
25868,31.015
25869,30.995
25870,30.754
25871,30.343
25872,29.608
25873,28.828
25874,28.072
25875,27.763
25876,27.596
25877,27.474
25878,27.433
25879,27.143
25880,27.138
25881,27.138
25882,26.964
25883,26.913
25884,26.882
25885,26.785
25886,26.754
25887,26.647
25888,26.555
25889,26.585
25890,26.539
25891,26.262
25892,26.355
25893,26.339
25894,26.283
25895,26.324
25896,26.385
25897,26.18
25898,26.077
25899,26.139
25900,26.133
25901,26.154
25902,26.108
25903,26.077
25904,26.133
25905,26.041
25906,26.056
25907,25.943
25908,26.0
25909,25.948
25910,25.902
25911,25.969
25912,25.871
25913,25.829
25914,25.876
25915,25.958
25916,25.902
25917,25.855
25918,25.953
25919,25.85
25920,26.447
25921,26.606
25922,26.524
25923,26.667
25924,26.703
25925,26.729
25926,26.847
25927,26.872
25928,26.979
25929,27.158
25930,27.224
25931,27.163
25932,27.127
25933,27.352
25934,27.423
25935,27.408
25936,27.54
25937,27.793
25938,27.875
25939,28.082
25940,28.188
25941,28.289
25942,28.642
25943,28.823
25944,29.078
25945,29.294
25946,29.593
25947,29.718
25948,30.036
25949,30.269
25950,30.63
25951,31.005
25952,31.182
25953,31.388
25954,31.408
25955,30.462
25956,28.365
25957,28.722
25958,29.438
25959,31.32
25960,31.951
25961,32.088
25962,32.438
25963,32.56
25964,32.516
25965,32.511
25966,32.681
25967,32.904
25968,32.996
25969,33.131
25970,33.184
25971,32.899
25972,32.885
25973,33.131
25974,33.252
25975,33.126
25976,33.189
25977,33.141
25978,33.204
25979,33.218
25980,33.218
25981,33.406
25982,33.006
25983,32.889
25984,32.904
25985,32.909
25986,33.01
25987,32.981
25988,32.928
25989,33.054
25990,33.03
25991,32.88
25992,32.773
25993,32.783
25994,32.943
25995,32.899
25996,33.059
25997,33.175
25998,33.189
25999,33.122
26000,33.18
26001,33.218
26002,33.044
26003,33.064
26004,33.17
26005,33.228
26006,33.262
26007,32.938
26008,32.71
26009,32.759
26010,32.613
26011,32.516
26012,32.312
26013,32.205
26014,32.005
26015,32.059
26016,31.971
26017,31.961
26018,32.098
26019,31.849
26020,31.81
26021,31.609
26022,31.423
26023,31.3
26024,31.02
26025,31.03
26026,31.054
26027,31.005
26028,31.079
26029,31.059
26030,30.729
26031,30.334
26032,29.478
26033,28.662
26034,28.097
26035,27.809
26036,27.585
26037,27.408
26038,27.443
26039,27.24
26040,27.092
26041,27.066
26042,27.0
26043,26.811
26044,26.831
26045,26.841
26046,26.626
26047,26.647
26048,26.432
26049,26.57
26050,26.596
26051,26.493
26052,26.421
26053,26.344
26054,26.303
26055,26.277
26056,26.257
26057,26.205
26058,26.164
26059,26.118
26060,26.123
26061,26.144
26062,25.896
26063,26.082
26064,26.077
26065,25.994
26066,26.072
26067,26.03
26068,25.994
26069,25.963
26070,25.989
26071,25.984
26072,25.871
26073,25.902
26074,25.958
26075,25.922
26076,25.824
26077,25.824
26078,25.86
26079,25.834
26080,26.38
26081,26.57
26082,26.401
26083,26.58
26084,26.514
26085,26.678
26086,26.939
26087,26.923
26088,27.03
26089,27.076
26090,27.092
26091,27.183
26092,27.183
26093,27.377
26094,27.397
26095,27.484
26096,27.621
26097,27.641
26098,27.793
26099,27.956
26100,28.036
26101,28.304
26102,28.405
26103,28.797
26104,28.968
26105,29.294
26106,29.568
26107,29.618
26108,29.907
26109,30.274
26110,30.601
26111,30.847
26112,30.926
26113,31.226
26114,31.103
26115,29.807
26116,28.138
26117,28.4
26118,29.244
26119,30.477
26120,31.971
26121,32.083
26122,32.404
26123,32.579
26124,32.574
26125,32.521
26126,32.826
26127,32.841
26128,33.228
26129,33.165
26130,33.136
26131,32.967
26132,33.131
26133,33.078
26134,33.406
26135,33.334
26136,33.155
26137,33.286
26138,33.358
26139,33.353
26140,33.247
26141,33.305
26142,32.957
26143,32.918
26144,32.923
26145,32.909
26146,32.894
26147,32.904
26148,32.86
26149,32.967
26150,33.054
26151,32.788
26152,32.754
26153,32.725
26154,32.696
26155,32.87
26156,33.025
26157,33.025
26158,32.981
26159,33.17
26160,33.295
26161,33.122
26162,33.136
26163,33.006
26164,33.083
26165,33.266
26166,33.175
26167,32.793
26168,32.86
26169,32.7
26170,32.647
26171,32.424
26172,32.429
26173,32.244
26174,32.054
26175,32.156
26176,32.044
26177,32.029
26178,31.98
26179,31.878
26180,31.589
26181,31.339
26182,31.187
26183,31.241
26184,31.197
26185,31.212
26186,30.882
26187,30.916
26188,30.966
26189,31.113
26190,30.62
26191,30.081
26192,29.284
26193,28.476
26194,28.006
26195,27.844
26196,27.524
26197,27.352
26198,27.418
26199,27.306
26200,26.903
26201,27.03
26202,26.857
26203,26.862
26204,26.821
26205,26.76
26206,26.642
26207,26.611
26208,26.493
26209,26.478
26210,26.319
26211,26.355
26212,26.355
26213,26.272
26214,26.355
26215,26.293
26216,26.133
26217,26.154
26218,26.123
26219,26.169
26220,26.092
26221,26.118
26222,26.02
26223,26.082
26224,25.963
26225,26.149
26226,26.01
26227,26.061
26228,26.0
26229,25.974
26230,25.922
26231,25.958
26232,25.932
26233,25.907
26234,25.948
26235,25.798
26236,25.871
26237,25.834
26238,25.871
26239,25.788
26240,26.38
26241,26.437
26242,26.488
26243,26.498
26244,26.616
26245,26.708
26246,26.79
26247,26.749
26248,26.877
26249,27.005
26250,27.025
26251,27.178
26252,27.275
26253,27.28
26254,27.392
26255,27.443
26256,27.499
26257,27.783
26258,27.768
26259,28.047
26260,28.031
26261,28.319
26262,28.536
26263,28.717
26264,28.938
26265,29.219
26266,29.453
26267,29.613
26268,29.772
26269,30.175
26270,30.477
26271,30.778
26272,31.054
26273,31.153
26274,30.862
26275,29.103
26276,27.971
26277,28.208
26278,28.712
26279,29.623
26280,31.271
26281,32.234
26282,32.292
26283,32.531
26284,32.599
26285,32.569
26286,32.797
26287,32.788
26288,33.122
26289,33.189
26290,33.126
26291,33.112
26292,33.039
26293,33.146
26294,33.426
26295,33.31
26296,33.237
26297,33.3
26298,33.397
26299,33.329
26300,33.324
26301,33.049
26302,33.054
26303,32.928
26304,32.899
26305,32.754
26306,33.073
26307,32.928
26308,32.962
26309,33.025
26310,32.889
26311,32.778
26312,32.744
26313,32.623
26314,32.962
26315,32.952
26316,33.117
26317,33.035
26318,33.02
26319,33.233
26320,33.16
26321,33.073
26322,33.155
26323,33.126
26324,33.146
26325,32.972
26326,32.957
26327,32.943
26328,32.938
26329,32.822
26330,32.511
26331,32.545
26332,32.429
26333,32.253
26334,32.098
26335,32.21
26336,32.151
26337,31.946
26338,31.897
26339,31.575
26340,31.261
26341,31.354
26342,31.32
26343,31.442
26344,31.28
26345,31.099
26346,30.926
26347,31.04
26348,31.04
26349,30.902
26350,30.408
26351,29.822
26352,29.188
26353,28.38
26354,27.986
26355,27.667
26356,27.469
26357,27.428
26358,27.346
26359,27.041
26360,27.107
26361,26.99
26362,26.995
26363,26.713
26364,26.806
26365,26.652
26366,26.765
26367,26.678
26368,26.498
26369,26.406
26370,26.288
26371,26.37
26372,26.401
26373,26.236
26374,26.355
26375,26.226
26376,26.257
26377,26.169
26378,26.082
26379,26.123
26380,26.133
26381,26.097
26382,25.974
26383,26.103
26384,26.066
26385,25.907
26386,26.072
26387,26.123
26388,25.938
26389,25.948
26390,25.845
26391,25.855
26392,25.829
26393,25.979
26394,26.015
26395,25.963
26396,25.871
26397,25.814
26398,25.876
26399,25.876
26400,26.375
26401,26.478
26402,26.637
26403,26.57
26404,26.657
26405,26.575
26406,26.703
26407,26.826
26408,26.898
26409,27.025
26410,27.03
26411,27.219
26412,27.148
26413,27.285
26414,27.413
26415,27.55
26416,27.601
26417,27.743
26418,27.925
26419,27.945
26420,28.057
26421,28.339
26422,28.581
26423,28.652
26424,28.782
26425,29.133
26426,29.369
26427,29.638
26428,29.802
26429,30.071
26430,30.442
26431,30.902
26432,31.079
26433,31.03
26434,30.502
26435,28.435
26436,27.728
26437,28.178
26438,28.581
26439,29.279
26440,30.472
26441,31.79
26442,32.18
26443,32.497
26444,32.696
26445,32.715
26446,32.749
26447,32.909
26448,33.117
26449,33.353
26450,33.257
26451,33.064
26452,33.102
26453,33.242
26454,33.435
26455,33.541
26456,33.368
26457,33.348
26458,33.411
26459,33.382
26460,33.411
26461,33.073
26462,32.914
26463,32.875
26464,33.01
26465,32.928
26466,33.088
26467,32.933
26468,32.962
26469,32.86
26470,32.739
26471,32.802
26472,32.589
26473,32.71
26474,32.734
26475,32.904
26476,32.996
26477,32.981
26478,32.991
26479,33.204
26480,33.184
26481,33.165
26482,33.151
26483,32.986
26484,33.097
26485,32.841
26486,32.914
26487,32.734
26488,32.88
26489,32.633
26490,32.574
26491,32.492
26492,32.351
26493,32.117
26494,32.19
26495,32.161
26496,32.141
26497,31.985
26498,31.731
26499,31.496
26500,31.354
26501,31.477
26502,31.467
26503,31.285
26504,31.192
26505,31.059
26506,31.084
26507,30.985
26508,30.936
26509,30.546
26510,30.343
26511,29.583
26512,28.823
26513,28.239
26514,27.819
26515,27.504
26516,27.418
26517,27.402
26518,27.127
26519,27.092
26520,27.025
26521,26.913
26522,27.01
26523,26.8
26524,26.78
26525,26.821
26526,26.621
26527,26.529
26528,26.401
26529,26.462
26530,26.478
26531,26.355
26532,26.349
26533,26.355
26534,26.231
26535,26.313
26536,26.118
26537,26.066
26538,26.195
26539,26.123
26540,26.061
26541,26.113
26542,26.175
26543,26.092
26544,26.041
26545,26.0
26546,26.072
26547,26.0
26548,25.979
26549,25.963
26550,25.865
26551,25.85
26552,25.922
26553,26.025
26554,25.793
26555,25.907
26556,25.948
26557,25.886
26558,25.803
26559,25.834
26560,26.467
26561,26.483
26562,26.555
26563,26.688
26564,26.683
26565,26.657
26566,26.872
26567,26.857
26568,26.887
26569,26.964
26570,26.954
26571,27.321
26572,27.311
26573,27.265
26574,27.397
26575,27.387
26576,27.656
26577,27.662
26578,27.783
26579,27.905
26580,28.138
26581,28.193
26582,28.481
26583,28.642
26584,28.838
26585,29.168
26586,29.314
26587,29.678
26588,29.802
26589,30.006
26590,30.353
26591,30.724
26592,30.857
26593,30.694
26594,29.822
26595,27.844
26596,27.753
26597,28.112
26598,28.415
26599,28.978
26600,29.817
26601,31.339
26602,32.268
26603,32.633
26604,32.565
26605,32.603
26606,32.599
26607,32.918
26608,33.242
26609,33.454
26610,33.43
26611,33.16
26612,33.146
26613,33.102
26614,33.266
26615,33.44
26616,33.411
26617,33.324
26618,33.3
26619,33.43
26620,33.363
26621,33.078
26622,33.001
26623,32.749
26624,33.01
26625,32.981
26626,33.146
26627,32.914
26628,32.952
26629,32.914
26630,32.797
26631,32.72
26632,32.734
26633,32.7
26634,32.715
26635,32.914
26636,32.923
26637,32.841
26638,32.826
26639,33.146
26640,33.035
26641,33.141
26642,33.122
26643,33.093
26644,33.03
26645,32.759
26646,32.788
26647,33.025
26648,32.851
26649,32.603
26650,32.628
26651,32.555
26652,32.346
26653,32.317
26654,32.2
26655,32.127
26656,32.093
26657,32.039
26658,31.687
26659,31.501
26660,31.501
26661,31.452
26662,31.354
26663,31.261
26664,31.172
26665,31.128
26666,31.153
26667,30.911
26668,30.828
26669,30.507
26670,30.011
26671,29.309
26672,28.43
26673,28.138
26674,27.799
26675,27.641
26676,27.413
26677,27.357
26678,27.204
26679,27.066
26680,26.959
26681,26.8
26682,26.974
26683,26.795
26684,26.739
26685,26.836
26686,26.58
26687,26.519
26688,26.452
26689,26.488
26690,26.421
26691,26.37
26692,26.36
26693,26.267
26694,26.247
26695,26.092
26696,26.164
26697,26.103
26698,26.108
26699,26.087
26700,26.046
26701,26.097
26702,25.989
26703,26.041
26704,26.0
26705,26.041
26706,25.948
26707,26.015
26708,25.958
26709,25.979
26710,25.932
26711,25.958
26712,25.922
26713,25.871
26714,25.948
26715,25.979
26716,25.902
26717,25.798
26718,25.731
26719,25.86
26720,26.411
26721,26.493
26722,26.678
26723,26.688
26724,26.826
26725,26.744
26726,26.841
26727,26.954
26728,26.974
26729,26.928
26730,26.995
26731,27.204
26732,27.229
26733,27.326
26734,27.397
26735,27.484
26736,27.641
26737,27.697
26738,27.875
26739,28.036
26740,28.102
26741,28.117
26742,28.39
26743,28.687
26744,28.757
26745,29.138
26746,29.369
26747,29.369
26748,29.623
26749,29.996
26750,30.324
26751,30.581
26752,30.655
26753,30.66
26754,29.388
26755,27.722
26756,27.712
26757,28.072
26758,28.198
26759,28.662
26760,29.319
26761,30.512
26762,31.951
26763,32.788
26764,32.817
26765,32.686
26766,32.904
26767,33.054
26768,33.136
26769,33.382
26770,33.575
26771,33.392
26772,33.257
26773,33.175
26774,33.334
26775,33.647
26776,33.565
26777,33.401
26778,33.291
26779,33.498
26780,33.401
26781,33.131
26782,32.778
26783,32.909
26784,33.039
26785,33.02
26786,32.986
26787,32.928
26788,32.763
26789,32.657
26790,32.783
26791,32.584
26792,32.666
26793,32.725
26794,32.691
26795,32.73
26796,32.671
26797,32.734
26798,32.826
26799,32.986
26800,33.131
26801,33.189
26802,33.126
26803,33.122
26804,32.86
26805,32.565
26806,32.88
26807,33.054
26808,32.923
26809,32.749
26810,32.676
26811,32.623
26812,32.477
26813,32.234
26814,32.205
26815,32.2
26816,32.078
26817,31.702
26818,31.717
26819,31.599
26820,31.344
26821,31.447
26822,31.418
26823,31.349
26824,31.359
26825,31.315
26826,31.182
26827,30.907
26828,30.803
26829,30.279
26830,29.917
26831,29.033
26832,28.345
26833,27.824
26834,27.677
26835,27.469
26836,27.408
26837,27.448
26838,27.255
26839,27.097
26840,26.847
26841,26.8
26842,26.688
26843,26.683
26844,26.662
26845,26.765
26846,26.57
26847,26.601
26848,26.411
26849,26.539
26850,26.283
26851,26.447
26852,26.334
26853,26.236
26854,26.133
26855,26.061
26856,26.056
26857,26.051
26858,26.03
26859,26.077
26860,26.036
26861,26.046
26862,26.077
26863,26.103
26864,26.0
26865,26.036
26866,26.01
26867,26.056
26868,26.046
26869,26.0
26870,25.84
26871,25.86
26872,25.798
26873,25.85
26874,25.917
26875,25.886
26876,25.819
26877,25.716
26878,25.865
26879,25.865
26880,26.416
26881,26.503
26882,26.519
26883,26.575
26884,26.79
26885,26.862
26886,26.795
26887,26.903
26888,27.041
26889,26.984
26890,27.036
26891,27.245
26892,27.285
26893,27.341
26894,27.463
26895,27.499
26896,27.377
26897,27.773
26898,27.829
26899,27.905
26900,28.077
26901,28.294
26902,28.516
26903,28.581
26904,28.732
26905,29.028
26906,29.329
26907,29.383
26908,29.668
26909,30.031
26910,30.16
26911,30.229
26912,30.69
26913,30.269
26914,28.606
26915,27.662
26916,27.677
26917,27.94
26918,28.143
26919,28.445
26920,28.948
26921,29.772
26922,31.447
26923,32.768
26924,32.972
26925,32.918
26926,32.933
26927,32.909
26928,33.059
26929,33.223
26930,33.498
26931,33.397
26932,33.319
26933,33.363
26934,33.507
26935,33.503
26936,33.368
26937,33.344
26938,33.257
26939,33.334
26940,33.358
26941,32.962
26942,32.739
26943,32.923
26944,33.035
26945,32.981
26946,33.02
26947,32.909
26948,32.783
26949,32.579
26950,32.579
26951,32.749
26952,32.594
26953,32.642
26954,32.705
26955,32.652
26956,32.594
26957,32.623
26958,32.846
26959,32.952
26960,33.035
26961,33.054
26962,33.001
26963,33.18
26964,32.807
26965,32.73
26966,33.112
26967,32.972
26968,32.826
26969,32.802
26970,32.836
26971,32.594
26972,32.37
26973,32.346
26974,32.273
26975,32.258
26976,31.976
26977,31.682
26978,31.697
26979,31.648
26980,31.531
26981,31.506
26982,31.349
26983,31.325
26984,31.349
26985,31.295
26986,31.054
26987,30.941
26988,30.531
26989,30.239
26990,29.493
26991,28.742
26992,28.173
26993,27.793
26994,27.575
26995,27.474
26996,27.479
26997,27.275
26998,27.229
26999,27.056
27000,26.995
27001,26.816
27002,26.77
27003,26.678
27004,26.626
27005,26.601
27006,26.503
27007,26.503
27008,26.478
27009,26.385
27010,26.349
27011,26.334
27012,26.308
27013,26.308
27014,26.149
27015,26.175
27016,26.164
27017,26.087
27018,26.046
27019,26.128
27020,26.0
27021,26.046
27022,26.18
27023,26.097
27024,26.092
27025,26.041
27026,26.056
27027,26.041
27028,26.005
27029,25.974
27030,25.85
27031,25.865
27032,25.85
27033,25.922
27034,25.922
27035,25.881
27036,25.829
27037,25.876
27038,25.871
27039,25.855
27040,26.432
27041,26.519
27042,26.493
27043,26.637
27044,26.76
27045,26.785
27046,26.719
27047,26.908
27048,26.969
27049,26.882
27050,27.066
27051,27.122
27052,27.301
27053,27.25
27054,27.336
27055,27.494
27056,27.636
27057,27.646
27058,27.778
27059,27.89
27060,27.986
27061,28.158
27062,28.365
27063,28.707
27064,28.682
27065,28.983
27066,29.188
27067,29.239
27068,29.598
27069,29.648
27070,30.061
27071,30.284
27072,30.492
27073,29.942
27074,28.102
27075,27.616
27076,27.667
27077,27.9
27078,28.163
27079,28.435
27080,28.762
27081,29.289
27082,30.324
27083,32.127
27084,32.88
27085,32.918
27086,33.02
27087,32.957
27088,33.064
27089,33.237
27090,33.57
27091,33.594
27092,33.483
27093,33.503
27094,33.623
27095,33.546
27096,33.16
27097,33.44
27098,33.213
27099,33.353
27100,33.175
27101,32.763
27102,32.826
27103,33.059
27104,33.001
27105,32.947
27106,32.933
27107,32.812
27108,32.603
27109,32.487
27110,32.613
27111,32.671
27112,32.497
27113,32.565
27114,32.54
27115,32.433
27116,32.429
27117,32.472
27118,32.826
27119,32.938
27120,32.957
27121,32.807
27122,32.812
27123,32.817
27124,32.686
27125,32.836
27126,33.252
27127,33.02
27128,32.894
27129,32.972
27130,32.71
27131,32.535
27132,32.36
27133,32.326
27134,32.545
27135,32.107
27136,32.059
27137,31.756
27138,31.712
27139,31.648
27140,31.731
27141,31.472
27142,31.545
27143,31.246
27144,31.103
27145,31.143
27146,30.882
27147,30.635
27148,30.334
27149,29.862
27150,29.048
27151,28.521
27152,28.047
27153,27.834
27154,27.596
27155,27.596
27156,27.234
27157,27.209
27158,27.071
27159,27.015
27160,26.806
27161,26.713
27162,26.744
27163,26.708
27164,26.611
27165,26.667
27166,26.555
27167,26.462
27168,26.426
27169,26.313
27170,26.257
27171,26.329
27172,26.226
27173,26.277
27174,26.231
27175,26.19
27176,26.087
27177,26.175
27178,26.005
27179,26.087
27180,26.025
27181,26.03
27182,26.061
27183,26.01
27184,25.994
27185,25.85
27186,25.969
27187,26.0
27188,25.932
27189,25.912
27190,25.979
27191,25.772
27192,25.958
27193,25.881
27194,25.912
27195,25.865
27196,25.927
27197,25.912
27198,25.84
27199,25.834
27200,26.39
27201,26.416
27202,26.442
27203,26.652
27204,26.539
27205,26.713
27206,26.79
27207,26.78
27208,26.939
27209,26.954
27210,27.005
27211,27.194
27212,27.25
27213,27.26
27214,27.372
27215,27.479
27216,27.524
27217,27.545
27218,27.854
27219,27.819
27220,27.986
27221,28.143
27222,28.39
27223,28.611
27224,28.611
27225,28.828
27226,29.093
27227,29.364
27228,29.448
27229,29.623
27230,29.887
27231,30.175
27232,30.269
27233,29.473
27234,27.869
27235,27.641
27236,27.656
27237,27.94
27238,27.956
27239,28.153
27240,28.556
27241,29.028
27242,29.723
27243,31.251
27244,32.909
27245,33.194
27246,33.117
27247,33.064
27248,33.107
27249,33.228
27250,33.56
27251,33.633
27252,33.613
27253,33.647
27254,33.565
27255,33.411
27256,33.213
27257,33.315
27258,33.175
27259,33.233
27260,32.972
27261,32.725
27262,32.856
27263,33.02
27264,33.015
27265,32.962
27266,32.918
27267,32.584
27268,32.482
27269,32.492
27270,32.516
27271,32.569
27272,32.506
27273,32.375
27274,32.424
27275,32.526
27276,32.443
27277,32.531
27278,32.666
27279,32.797
27280,32.841
27281,32.72
27282,32.696
27283,32.817
27284,32.797
27285,33.035
27286,33.18
27287,33.064
27288,32.812
27289,32.783
27290,32.326
27291,32.093
27292,32.078
27293,32.253
27294,31.912
27295,31.599
27296,31.951
27297,32.059
27298,32.029
27299,31.902
27300,31.673
27301,31.648
27302,31.433
27303,31.457
27304,31.266
27305,30.818
27306,30.64
27307,30.472
27308,30.2
27309,29.743
27310,28.958
27311,28.183
27312,27.991
27313,27.662
27314,27.565
27315,27.352
27316,27.377
27317,27.204
27318,27.153
27319,26.954
27320,26.852
27321,26.795
27322,26.836
27323,26.667
27324,26.632
27325,26.591
27326,26.478
27327,26.421
27328,26.36
27329,26.396
27330,26.344
27331,26.355
27332,26.293
27333,26.241
27334,26.169
27335,26.144
27336,26.087
27337,26.056
27338,26.041
27339,26.118
27340,26.066
27341,26.03
27342,26.087
27343,26.072
27344,25.912
27345,26.051
27346,25.948
27347,25.984
27348,26.118
27349,25.927
27350,25.881
27351,25.84
27352,25.84
27353,25.865
27354,25.803
27355,25.876
27356,25.891
27357,25.85
27358,25.85
27359,25.829
27360,26.339
27361,26.539
27362,26.401
27363,26.591
27364,26.55
27365,26.575
27366,26.667
27367,26.79
27368,26.928
27369,26.969
27370,26.908
27371,27.199
27372,27.224
27373,27.316
27374,27.402
27375,27.306
27376,27.53
27377,27.611
27378,27.773
27379,27.859
27380,28.042
27381,28.143
27382,28.405
27383,28.43
27384,28.687
27385,28.843
27386,29.108
27387,29.204
27388,29.443
27389,29.683
27390,29.817
27391,29.952
27392,30.001
27393,28.923
27394,27.626
27395,27.585
27396,27.763
27397,27.91
27398,28.052
27399,28.37
27400,28.491
27401,28.873
27402,29.448
27403,30.304
27404,32.093
27405,33.117
27406,33.329
27407,33.276
27408,33.17
27409,33.112
27410,33.536
27411,33.618
27412,33.608
27413,33.633
27414,33.724
27415,33.594
27416,33.204
27417,33.271
27418,33.131
27419,33.102
27420,32.851
27421,32.628
27422,32.671
27423,32.899
27424,32.923
27425,32.817
27426,32.56
27427,32.385
27428,32.385
27429,32.36
27430,32.409
27431,32.545
27432,32.336
27433,32.433
27434,32.453
27435,32.477
27436,32.477
27437,32.56
27438,32.613
27439,32.928
27440,32.817
27441,32.487
27442,32.618
27443,32.977
27444,32.739
27445,33.01
27446,33.088
27447,32.957
27448,32.594
27449,32.297
27450,32.015
27451,31.99
27452,32.112
27453,31.633
27454,31.447
27455,31.638
27456,31.956
27457,32.166
27458,32.044
27459,31.932
27460,31.658
27461,31.599
27462,31.398
27463,31.241
27464,31.0
27465,30.867
27466,30.482
27467,30.076
27468,29.772
27469,29.259
27470,28.566
27471,28.057
27472,27.722
27473,27.748
27474,27.565
27475,27.387
27476,27.214
27477,27.265
27478,27.183
27479,26.939
27480,26.974
27481,26.76
27482,26.693
27483,26.611
27484,26.657
27485,26.575
27486,26.462
27487,26.457
27488,26.38
27489,26.406
27490,26.375
27491,26.344
27492,26.247
27493,26.308
27494,26.205
27495,26.144
27496,26.159
27497,26.185
27498,26.185
27499,26.025
27500,26.01
27501,26.056
27502,26.0
27503,25.927
27504,25.881
27505,25.994
27506,25.969
27507,25.948
27508,25.912
27509,25.943
27510,25.829
27511,25.886
27512,25.855
27513,25.829
27514,25.907
27515,25.953
27516,26.072
27517,25.881
27518,25.834
27519,25.974
27520,26.38
27521,26.488
27522,26.416
27523,26.601
27524,26.606
27525,26.575
27526,26.662
27527,26.882
27528,26.979
27529,26.969
27530,27.03
27531,27.071
27532,27.285
27533,27.26
27534,27.209
27535,27.362
27536,27.535
27537,27.717
27538,27.814
27539,27.915
27540,28.122
27541,28.269
27542,28.294
27543,28.445
27544,28.657
27545,28.868
27546,29.113
27547,29.224
27548,29.398
27549,29.593
27550,29.807
27551,29.912
27552,29.713
27553,28.334
27554,27.616
27555,27.728
27556,27.819
27557,27.92
27558,28.057
27559,28.299
27560,28.511
27561,28.742
27562,29.194
27563,29.683
27564,30.793
27565,32.7
27566,33.291
27567,33.237
27568,33.184
27569,32.991
27570,33.546
27571,33.637
27572,33.58
27573,33.657
27574,33.926
27575,33.319
27576,33.107
27577,33.093
27578,32.885
27579,33.093
27580,32.744
27581,32.676
27582,32.865
27583,32.768
27584,32.744
27585,32.477
27586,32.36
27587,32.37
27588,32.443
27589,32.385
27590,32.438
27591,32.409
27592,32.195
27593,32.288
27594,32.438
27595,32.399
27596,32.521
27597,32.55
27598,32.565
27599,32.71
27600,32.831
27601,32.433
27602,32.671
27603,32.841
27604,32.633
27605,33.155
27606,32.981
27607,32.812
27608,32.297
27609,32.039
27610,32.039
27611,31.946
27612,31.922
27613,31.383
27614,31.349
27615,31.511
27616,32.005
27617,31.941
27618,31.717
27619,31.638
27620,31.374
27621,31.393
27622,31.472
27623,31.128
27624,30.862
27625,30.507
27626,30.264
27627,30.001
27628,29.618
27629,29.003
27630,28.309
27631,27.905
27632,27.778
27633,27.616
27634,27.692
27635,27.352
27636,27.178
27637,27.26
27638,27.117
27639,26.872
27640,26.811
27641,26.765
27642,26.821
27643,26.739
27644,26.744
27645,26.503
27646,26.478
27647,26.437
27648,26.39
27649,26.432
27650,26.308
27651,26.334
27652,26.298
27653,26.19
27654,26.144
27655,26.144
27656,26.211
27657,26.103
27658,26.185
27659,26.082
27660,26.077
27661,26.005
27662,26.077
27663,26.03
27664,25.958
27665,25.969
27666,26.097
27667,25.974
27668,25.932
27669,25.891
27670,25.917
27671,25.938
27672,25.876
27673,25.871
27674,25.963
27675,25.824
27676,25.793
27677,25.865
27678,25.834
27679,25.865
27680,26.365
27681,26.493
27682,26.432
27683,26.585
27684,26.667
27685,26.601
27686,26.78
27687,26.77
27688,26.893
27689,26.944
27690,27.061
27691,26.979
27692,27.178
27693,27.275
27694,27.255
27695,27.402
27696,27.382
27697,27.646
27698,27.809
27699,27.753
27700,28.036
27701,28.117
27702,28.314
27703,28.395
27704,28.667
27705,28.833
27706,28.913
27707,29.108
27708,29.364
27709,29.533
27710,29.708
27711,29.678
27712,29.498
27713,27.966
27714,27.57
27715,27.656
27716,27.758
27717,28.036
27718,28.138
27719,28.254
27720,28.465
27721,28.727
27722,29.103
27723,29.498
27724,30.081
27725,31.653
27726,33.097
27727,33.315
27728,33.368
27729,33.025
27730,33.363
27731,33.801
27732,33.633
27733,33.608
27734,33.81
27735,33.382
27736,33.054
27737,33.107
27738,32.894
27739,32.817
27740,32.759
27741,32.565
27742,32.647
27743,32.565
27744,32.555
27745,32.443
27746,32.448
27747,32.438
27748,32.463
27749,32.234
27750,32.531
27751,32.239
27752,32.219
27753,32.375
27754,32.38
27755,32.497
27756,32.477
27757,32.463
27758,32.501
27759,32.72
27760,32.594
27761,32.487
27762,32.725
27763,32.642
27764,32.613
27765,33.165
27766,32.947
27767,32.429
27768,32.078
27769,31.98
27770,31.849
27771,31.761
27772,31.467
27773,31.349
27774,31.452
27775,31.814
27776,31.814
27777,31.526
27778,31.594
27779,31.717
27780,31.746
27781,31.393
27782,31.349
27783,30.892
27784,30.714
27785,30.462
27786,30.229
27787,29.718
27788,29.234
27789,28.566
27790,28.153
27791,27.834
27792,27.555
27793,27.443
27794,27.352
27795,27.204
27796,27.194
27797,27.117
27798,26.944
27799,26.933
27800,26.964
27801,26.852
27802,26.775
27803,26.821
27804,26.739
27805,26.514
27806,26.457
27807,26.503
27808,26.478
27809,26.426
27810,26.385
27811,26.221
27812,26.293
27813,26.159
27814,26.226
27815,26.159
27816,26.082
27817,26.113
27818,26.097
27819,26.041
27820,26.036
27821,26.01
27822,25.994
27823,25.974
27824,25.953
27825,25.896
27826,25.891
27827,25.855
27828,25.865
27829,25.902
27830,25.938
27831,25.886
27832,26.066
27833,25.871
27834,25.907
27835,25.86
27836,25.855
27837,25.783
27838,25.855
27839,25.938
27840,26.437
27841,26.467
27842,26.534
27843,26.555
27844,26.57
27845,26.785
27846,26.78
27847,26.79
27848,26.867
27849,26.939
27850,27.107
27851,27.066
27852,27.148
27853,27.234
27854,27.25
27855,27.336
27856,27.504
27857,27.677
27858,27.788
27859,27.88
27860,28.011
27861,28.036
27862,28.425
27863,28.476
27864,28.511
27865,28.858
27866,28.808
27867,29.148
27868,29.413
27869,29.578
27870,29.678
27871,29.638
27872,29.068
27873,27.728
27874,27.646
27875,27.799
27876,27.702
27877,28.052
27878,28.168
27879,28.289
27880,28.511
27881,28.747
27882,28.928
27883,29.259
27884,29.668
27885,30.581
27886,32.696
27887,33.363
27888,33.594
27889,33.044
27890,33.208
27891,33.854
27892,33.527
27893,33.589
27894,33.801
27895,33.305
27896,33.073
27897,32.87
27898,32.909
27899,32.817
27900,32.763
27901,32.676
27902,32.7
27903,32.555
27904,32.501
27905,32.409
27906,32.399
27907,32.429
27908,32.283
27909,32.521
27910,32.487
27911,32.161
27912,32.253
27913,32.385
27914,32.458
27915,32.395
27916,32.356
27917,32.521
27918,32.497
27919,32.594
27920,32.477
27921,32.414
27922,32.628
27923,32.268
27924,32.404
27925,33.006
27926,32.565
27927,32.141
27928,32.161
27929,32.176
27930,31.682
27931,31.668
27932,31.54
27933,31.506
27934,31.604
27935,31.712
27936,31.437
27937,31.325
27938,31.731
27939,31.741
27940,31.682
27941,31.393
27942,31.158
27943,30.98
27944,30.709
27945,30.259
27946,29.961
27947,29.438
27948,28.938
27949,28.41
27950,27.981
27951,27.728
27952,27.443
27953,27.316
27954,27.285
27955,27.219
27956,27.02
27957,27.01
27958,27.041
27959,26.862
27960,26.908
27961,26.862
27962,26.847
27963,26.749
27964,26.596
27965,26.575
27966,26.555
27967,26.514
27968,26.467
27969,26.503
27970,26.272
27971,26.385
27972,26.267
27973,26.303
27974,26.154
27975,26.211
27976,26.164
27977,26.092
27978,26.154
27979,25.989
27980,26.066
27981,26.03
27982,25.969
27983,25.953
27984,25.86
27985,25.917
27986,25.927
27987,25.803
27988,25.829
27989,25.819
27990,25.85
27991,25.932
27992,25.891
27993,25.85
27994,25.943
27995,25.912
27996,25.824
27997,25.855
27998,25.881
27999,25.891
28000,26.421
28001,26.488
28002,26.488
28003,26.585
28004,26.642
28005,26.78
28006,26.811
28007,26.698
28008,26.974
28009,26.903
28010,27.148
28011,27.138
28012,27.285
28013,27.357
28014,27.321
28015,27.377
28016,27.458
28017,27.626
28018,27.819
28019,27.839
28020,28.042
28021,28.188
28022,28.355
28023,28.375
28024,28.465
28025,28.737
28026,28.918
28027,29.153
28028,29.229
28029,29.503
28030,29.573
28031,29.518
28032,28.722
28033,27.687
28034,27.743
28035,27.875
28036,27.9
28037,28.087
28038,28.178
28039,28.425
28040,28.581
28041,28.657
28042,29.048
28043,29.309
28044,29.643
28045,30.101
28046,31.491
28047,33.126
28048,33.464
28049,33.208
28050,33.353
28051,33.657
28052,33.517
28053,33.666
28054,33.623
28055,33.242
28056,32.938
28057,33.025
28058,32.87
28059,32.696
28060,32.807
28061,32.802
28062,32.613
28063,32.705
28064,32.511
28065,32.531
28066,32.535
28067,32.448
28068,32.574
28069,32.448
28070,32.433
28071,32.273
28072,32.312
28073,32.37
28074,32.511
28075,32.438
28076,32.399
28077,32.326
28078,32.506
28079,32.555
28080,32.453
28081,32.302
28082,32.263
28083,32.161
28084,32.312
28085,32.725
28086,32.433
28087,32.283
28088,32.234
28089,31.8
28090,31.677
28091,31.819
28092,31.614
28093,31.55
28094,31.545
28095,31.408
28096,31.496
28097,31.658
28098,31.653
28099,31.751
28100,31.555
28101,31.359
28102,31.197
28103,31.005
28104,30.462
28105,30.304
28106,29.728
28107,29.143
28108,28.561
28109,28.153
28110,27.692
28111,27.728
28112,27.489
28113,27.321
28114,27.26
28115,27.275
28116,27.061
28117,27.076
28118,27.015
28119,26.754
28120,26.928
28121,26.964
28122,26.836
28123,26.775
28124,26.724
28125,26.529
28126,26.498
28127,26.529
28128,26.488
28129,26.432
28130,26.442
28131,26.36
28132,26.324
28133,26.293
28134,26.164
28135,26.164
28136,26.18
28137,26.123
28138,26.185
28139,26.205
28140,26.01
28141,25.963
28142,25.979
28143,25.953
28144,25.979
28145,25.938
28146,26.061
28147,25.871
28148,25.855
28149,25.819
28150,25.886
28151,25.891
28152,25.989
28153,25.969
28154,25.932
28155,25.927
28156,25.922
28157,25.829
28158,25.798
28159,25.803
28160,26.447
28161,26.37
28162,26.467
28163,26.585
28164,26.606
28165,26.739
28166,26.79
28167,26.836
28168,26.959
28169,26.933
28170,27.066
28171,27.229
28172,27.265
28173,27.301
28174,27.377
28175,27.362
28176,27.57
28177,27.636
28178,27.748
28179,27.88
28180,27.95
28181,28.239
28182,28.208
28183,28.476
28184,28.491
28185,28.767
28186,28.843
28187,28.933
28188,29.199
28189,29.403
28190,29.498
28191,29.408
28192,28.405
28193,27.626
28194,27.869
28195,27.869
28196,27.885
28197,28.036
28198,28.294
28199,28.4
28200,28.496
28201,28.762
28202,29.048
28203,29.284
28204,29.573
28205,29.882
28206,30.69
28207,32.322
28208,33.097
28209,33.107
28210,32.952
28211,33.637
28212,33.372
28213,33.618
28214,33.469
28215,33.281
28216,32.793
28217,32.807
28218,32.676
28219,32.662
28220,32.88
28221,32.841
28222,32.681
28223,32.579
28224,32.633
28225,32.72
28226,32.463
28227,32.39
28228,32.37
28229,32.555
28230,32.395
28231,32.312
28232,32.195
28233,32.419
28234,32.521
28235,32.492
28236,32.37
28237,32.331
28238,32.516
28239,32.531
28240,32.326
28241,32.288
28242,32.029
28243,31.995
28244,32.346
28245,32.531
28246,32.2
28247,32.273
28248,32.229
28249,31.829
28250,31.677
28251,31.756
28252,31.633
28253,31.614
28254,31.736
28255,31.746
28256,31.673
28257,31.477
28258,31.619
28259,31.712
28260,31.57
28261,31.501
28262,31.158
28263,30.764
28264,30.244
28265,29.922
28266,29.294
28267,28.647
28268,28.082
28269,27.869
28270,27.672
28271,27.509
28272,27.402
28273,27.26
28274,27.148
28275,27.112
28276,27.036
28277,26.944
28278,26.862
28279,26.826
28280,26.852
28281,26.811
28282,26.693
28283,26.632
28284,26.596
28285,26.591
28286,26.514
28287,26.334
28288,26.457
28289,26.339
28290,26.298
28291,26.241
28292,26.298
28293,26.298
28294,26.097
28295,26.205
28296,26.082
28297,26.03
28298,26.103
28299,26.005
28300,26.015
28301,25.943
28302,25.994
28303,26.03
28304,26.0
28305,25.922
28306,26.03
28307,25.927
28308,25.938
28309,25.834
28310,25.809
28311,25.891
28312,25.834
28313,25.917
28314,25.881
28315,25.974
28316,25.814
28317,25.881
28318,25.912
28319,25.922
28320,26.349
28321,26.473
28322,26.493
28323,26.555
28324,26.739
28325,26.667
28326,26.76
28327,26.847
28328,26.893
28329,26.944
28330,27.178
28331,27.132
28332,27.199
28333,27.168
28334,27.346
28335,27.255
28336,27.397
28337,27.57
28338,27.722
28339,27.885
28340,27.935
28341,28.072
28342,28.284
28343,28.244
28344,28.44
28345,28.576
28346,28.747
28347,28.978
28348,29.194
28349,29.413
28350,29.553
28351,29.374
28352,28.697
28353,27.677
28354,27.88
28355,27.895
28356,28.127
28357,28.133
28358,28.239
28359,28.435
28360,28.637
28361,28.938
28362,29.103
28363,29.289
28364,29.618
28365,29.902
28366,30.566
28367,31.58
28368,32.545
28369,32.657
28370,32.569
28371,33.368
28372,33.488
28373,33.623
28374,33.295
28375,33.17
28376,32.725
28377,32.613
28378,32.467
28379,32.865
28380,32.899
28381,32.73
28382,32.584
28383,32.613
28384,32.652
28385,32.7
28386,32.54
28387,32.487
28388,32.395
28389,32.467
28390,32.429
28391,32.302
28392,32.268
28393,32.55
28394,32.569
28395,32.463
28396,32.419
28397,32.205
28398,32.647
28399,32.453
28400,32.156
28401,32.307
28402,31.937
28403,31.907
28404,32.385
28405,32.292
28406,32.263
28407,32.253
28408,32.302
28409,31.756
28410,31.535
28411,31.717
28412,31.712
28413,31.922
28414,31.941
28415,31.761
28416,31.629
28417,31.614
28418,31.565
28419,31.736
28420,31.663
28421,31.359
28422,30.995
28423,30.482
28424,30.081
28425,29.658
28426,28.928
28427,28.228
28428,27.804
28429,27.509
28430,27.438
28431,27.372
28432,27.148
28433,27.24
28434,27.127
28435,26.964
28436,27.061
28437,26.887
28438,26.933
28439,26.811
28440,26.708
28441,26.719
28442,26.616
28443,26.616
28444,26.473
28445,26.467
28446,26.632
28447,26.452
28448,26.319
28449,26.267
28450,26.18
28451,26.175
28452,26.144
28453,26.252
28454,26.18
28455,26.185
28456,26.128
28457,26.144
28458,26.149
28459,25.886
28460,26.118
28461,25.912
28462,25.922
28463,25.958
28464,25.907
28465,26.113
28466,25.938
28467,25.814
28468,25.932
28469,25.953
28470,25.855
28471,25.881
28472,25.829
28473,25.902
28474,25.902
28475,25.953
28476,25.938
28477,25.994
28478,25.767
28479,25.803
28480,26.524
28481,26.442
28482,26.498
28483,26.478
28484,26.734
28485,26.647
28486,26.719
28487,26.877
28488,26.872
28489,26.979
28490,27.122
28491,27.24
28492,27.28
28493,27.341
28494,27.321
28495,27.352
28496,27.499
28497,27.667
28498,27.738
28499,27.976
28500,27.996
28501,28.072
28502,28.239
28503,28.405
28504,28.455
28505,28.591
28506,28.772
28507,28.878
28508,29.153
28509,29.259
28510,29.383
28511,29.453
28512,28.933
28513,27.945
28514,27.839
28515,28.026
28516,28.067
28517,28.264
28518,28.395
28519,28.601
28520,28.742
28521,28.943
28522,29.183
28523,29.319
28524,29.723
28525,30.051
28526,30.343
28527,31.138
28528,32.098
28529,32.365
28530,32.171
28531,33.151
28532,33.464
28533,33.623
28534,33.329
28535,32.952
28536,32.71
28537,32.691
28538,32.754
28539,33.03
28540,32.856
28541,32.671
28542,32.535
28543,32.71
28544,32.662
28545,32.725
28546,32.506
28547,32.492
28548,32.385
28549,32.472
28550,32.38
28551,32.385
28552,32.399
28553,32.487
28554,32.501
28555,32.569
28556,32.263
28557,32.253
28558,32.662
28559,32.535
28560,32.151
28561,32.18
28562,32.015
28563,31.897
28564,32.385
28565,32.395
28566,32.356
28567,32.244
28568,31.941
28569,31.819
28570,31.888
28571,31.902
28572,32.409
28573,32.424
28574,31.883
28575,31.32
28576,31.428
28577,31.477
28578,31.619
28579,31.751
28580,31.526
28581,31.099
28582,30.645
28583,30.284
28584,29.678
28585,29.173
28586,27.945
28587,27.168
28588,26.928
28589,26.954
28590,26.898
28591,27.311
28592,27.27
28593,27.26
28594,27.163
28595,27.132
28596,26.984
28597,26.918
28598,26.908
28599,26.642
28600,26.678
28601,26.473
28602,26.529
28603,26.611
28604,26.483
28605,26.467
28606,26.401
28607,26.365
28608,26.293
28609,26.159
28610,26.221
28611,26.195
28612,26.216
28613,26.252
28614,26.149
28615,26.19
28616,26.175
28617,26.082
28618,26.025
28619,26.103
28620,26.113
28621,25.948
28622,25.958
28623,26.036
28624,26.02
28625,25.927
28626,25.938
28627,25.979
28628,26.139
28629,25.948
28630,25.783
28631,25.886
28632,25.953
28633,25.855
28634,25.85
28635,25.989
28636,26.02
28637,25.891
28638,25.896
28639,25.762
28640,26.324
28641,26.509
28642,26.514
28643,26.55
28644,26.503
28645,26.616
28646,26.749
28647,26.729
28648,26.785
28649,26.841
28650,27.0
28651,27.066
28652,27.163
28653,27.234
28654,27.204
28655,27.346
28656,27.372
28657,27.662
28658,27.611
28659,27.849
28660,27.976
28661,28.057
28662,28.173
28663,28.259
28664,28.405
28665,28.611
28666,28.762
28667,28.767
28668,29.023
28669,29.123
28670,29.468
28671,29.518
28672,29.374
28673,28.087
28674,28.036
28675,28.107
28676,28.203
28677,28.435
28678,28.476
28679,28.672
28680,28.858
28681,28.998
28682,29.284
28683,29.304
28684,29.608
28685,30.006
28686,30.363
28687,30.961
28688,31.55
28689,31.946
28690,31.829
28691,32.826
28692,33.565
28693,33.608
28694,33.107
28695,32.73
28696,32.623
28697,32.734
28698,32.88
28699,32.962
28700,32.734
28701,32.691
28702,32.671
28703,32.894
28704,32.846
28705,32.603
28706,32.686
28707,32.453
28708,32.511
28709,32.54
28710,32.341
28711,32.39
28712,32.472
28713,32.438
28714,32.531
28715,32.497
28716,32.195
28717,32.414
28718,32.521
28719,32.307
28720,32.049
28721,32.171
28722,32.024
28723,32.024
28724,32.263
28725,32.39
28726,32.419
28727,32.068
28728,31.858
28729,31.995
28730,31.995
28731,32.608
28732,32.569
28733,31.917
28734,31.344
28735,31.325
28736,31.192
28737,31.462
28738,31.722
28739,31.79
28740,31.207
28741,30.852
28742,30.502
28743,29.503
28744,28.617
28745,27.646
28746,27.066
28747,26.984
28748,26.969
28749,26.887
28750,26.928
28751,27.183
28752,27.245
28753,27.122
28754,27.005
28755,27.0
28756,26.913
28757,26.974
28758,26.739
28759,26.673
28760,26.667
28761,26.503
28762,26.632
28763,26.55
28764,26.473
28765,26.452
28766,26.339
28767,26.355
28768,26.272
28769,26.216
28770,26.139
28771,26.2
28772,26.149
28773,26.154
28774,26.169
28775,26.133
28776,26.18
28777,26.18
28778,25.984
28779,26.087
28780,26.025
28781,26.051
28782,25.994
28783,25.963
28784,26.025
28785,25.881
28786,25.953
28787,25.963
28788,26.03
28789,25.932
28790,25.953
28791,25.824
28792,25.84
28793,25.917
28794,25.865
28795,25.84
28796,25.891
28797,25.84
28798,25.84
28799,26.092
28800,26.478
28801,26.36
28802,26.529
28803,26.401
28804,26.657
28805,26.744
28806,26.683
28807,26.816
28808,26.836
28809,26.862
28810,26.949
28811,27.056
28812,27.092
28813,27.122
28814,27.199
28815,27.413
28816,27.474
28817,27.545
28818,27.702
28819,27.864
28820,28.001
28821,27.961
28822,28.208
28823,28.289
28824,28.334
28825,28.4
28826,28.627
28827,28.908
28828,28.993
28829,29.083
28830,29.324
28831,29.378
28832,29.483
28833,28.848
28834,28.274
28835,28.213
28836,28.4
28837,28.601
28838,28.692
28839,28.747
28840,28.858
28841,29.128
28842,29.369
28843,29.513
28844,29.807
28845,30.22
28846,30.462
28847,30.902
28848,31.261
28849,31.599
28850,31.863
28851,32.797
28852,33.825
28853,33.676
28854,33.02
28855,32.739
28856,32.501
28857,32.841
28858,33.126
28859,33.025
28860,32.662
28861,32.55
28862,32.73
28863,32.807
28864,32.739
28865,32.725
28866,32.579
28867,32.414
28868,32.691
28869,32.603
28870,32.448
28871,32.506
28872,32.38
28873,32.637
28874,32.623
28875,32.297
28876,32.258
28877,32.487
28878,32.38
28879,32.302
28880,31.995
28881,32.146
28882,31.824
28883,32.127
28884,32.176
28885,32.754
28886,32.283
28887,31.985
28888,31.829
28889,32.171
28890,32.642
28891,32.628
28892,32.063
28893,31.447
28894,31.433
28895,31.3
28896,31.28
28897,31.472
28898,31.55
28899,31.388
28900,30.902
28901,30.001
28902,29.098
28903,28.016
28904,27.438
28905,27.097
28906,27.102
28907,27.219
28908,27.158
28909,26.959
28910,27.02
28911,27.209
28912,27.117
28913,27.153
28914,27.025
28915,26.984
28916,26.984
28917,26.831
28918,26.785
28919,26.847
28920,26.519
28921,26.55
28922,26.498
28923,26.498
28924,26.411
28925,26.519
28926,26.411
28927,26.36
28928,26.406
28929,26.313
28930,26.133
28931,26.175
28932,26.169
28933,26.195
28934,26.087
28935,26.175
28936,26.144
28937,26.087
28938,26.123
28939,26.066
28940,25.989
28941,25.989
28942,26.025
28943,26.02
28944,26.01
28945,25.984
28946,26.0
28947,25.969
28948,25.989
28949,25.814
28950,25.881
28951,25.855
28952,25.953
28953,25.932
28954,26.051
28955,25.963
28956,25.865
28957,25.896
28958,25.876
28959,25.783
28960,26.303
28961,26.319
28962,26.493
28963,26.524
28964,26.539
28965,26.621
28966,26.831
28967,26.785
28968,26.841
28969,26.939
28970,26.949
28971,26.918
28972,27.041
28973,27.087
28974,27.275
28975,27.28
28976,27.382
28977,27.712
28978,27.575
28979,27.859
28980,27.885
28981,28.031
28982,28.173
28983,28.254
28984,28.455
28985,28.274
28986,28.561
28987,28.787
28988,28.888
28989,29.083
28990,29.388
28991,29.428
28992,29.518
28993,29.483
28994,28.188
28995,28.284
28996,28.405
28997,28.606
28998,28.772
28999,28.993
29000,29.138
29001,29.269
29002,29.503
29003,29.608
29004,29.852
29005,30.319
29006,30.442
29007,30.704
29008,31.207
29009,31.383
29010,31.849
29011,33.131
29012,33.753
29013,33.397
29014,32.914
29015,32.565
29016,32.511
29017,32.87
29018,33.271
29019,32.943
29020,32.705
29021,32.589
29022,32.642
29023,32.715
29024,32.705
29025,32.535
29026,32.666
29027,32.448
29028,32.545
29029,32.7
29030,32.642
29031,32.497
29032,32.492
29033,32.676
29034,32.463
29035,32.229
29036,32.229
29037,32.404
29038,32.356
29039,32.151
29040,32.098
29041,31.995
29042,31.839
29043,32.015
29044,32.467
29045,32.962
29046,32.249
29047,31.878
29048,31.863
29049,32.584
29050,32.851
29051,31.941
29052,31.814
29053,31.433
29054,31.354
29055,31.153
29056,30.966
29057,31.128
29058,31.148
29059,30.65
29060,29.344
29061,28.36
29062,27.606
29063,27.29
29064,27.122
29065,27.29
29066,27.326
29067,27.306
29068,27.071
29069,26.995
29070,27.29
29071,27.168
29072,27.25
29073,27.153
29074,26.984
29075,26.913
29076,26.898
29077,26.939
29078,26.841
29079,26.591
29080,26.493
29081,26.534
29082,26.534
29083,26.396
29084,26.401
29085,26.411
29086,26.401
29087,26.385
29088,26.308
29089,26.154
29090,26.18
29091,26.128
29092,26.175
29093,26.185
29094,26.154
29095,26.118
29096,26.159
29097,26.061
29098,26.144
29099,26.077
29100,26.0
29101,26.087
29102,25.994
29103,25.907
29104,25.907
29105,26.221
29106,25.845
29107,25.969
29108,25.917
29109,25.798
29110,25.876
29111,25.85
29112,26.02
29113,26.005
29114,26.061
29115,25.902
29116,25.891
29117,25.798
29118,25.902
29119,25.778
29120,26.329
29121,26.524
29122,26.457
29123,26.447
29124,26.457
29125,26.662
29126,26.76
29127,26.642
29128,26.785
29129,26.816
29130,26.954
29131,27.036
29132,27.127
29133,27.178
29134,27.224
29135,27.433
29136,27.402
29137,27.662
29138,27.758
29139,27.743
29140,28.021
29141,28.062
29142,28.163
29143,28.309
29144,28.365
29145,28.501
29146,28.752
29147,28.737
29148,28.913
29149,29.133
29150,29.234
29151,29.428
29152,29.553
29153,29.528
29154,28.833
29155,28.415
29156,28.632
29157,28.767
29158,28.938
29159,29.088
29160,29.204
29161,29.279
29162,29.583
29163,29.812
29164,30.011
29165,30.383
29166,30.586
29167,30.916
29168,31.212
29169,31.452
29170,32.102
29171,33.218
29172,33.738
29173,33.078
29174,32.511
29175,32.477
29176,32.574
29177,32.841
29178,33.136
29179,32.783
29180,32.744
29181,32.691
29182,32.681
29183,32.705
29184,32.918
29185,32.666
29186,32.574
29187,32.696
29188,32.599
29189,32.841
29190,32.7
29191,32.637
29192,32.492
29193,32.657
29194,32.292
29195,32.331
29196,32.36
29197,32.341
29198,32.176
29199,31.99
29200,32.132
29201,31.99
29202,32.0
29203,32.059
29204,32.865
29205,33.18
29206,32.268
29207,31.77
29208,32.176
29209,32.56
29210,32.239
29211,31.766
29212,31.496
29213,31.457
29214,31.158
29215,31.172
29216,30.916
29217,30.67
29218,29.877
29219,28.722
29220,27.839
29221,27.53
29222,27.138
29223,27.127
29224,27.209
29225,27.479
29226,27.296
29227,27.28
29228,27.153
29229,27.097
29230,27.173
29231,27.224
29232,27.066
29233,26.969
29234,26.984
29235,27.01
29236,26.775
29237,26.857
29238,26.708
29239,26.575
29240,26.519
29241,26.544
29242,26.447
29243,26.596
29244,26.56
29245,26.416
29246,26.334
29247,26.159
29248,26.334
29249,26.2
29250,26.133
29251,26.175
29252,26.103
29253,26.123
29254,26.159
29255,26.092
29256,26.015
29257,26.103
29258,26.03
29259,26.072
29260,25.938
29261,25.953
29262,25.974
29263,26.082
29264,26.005
29265,25.907
29266,26.066
29267,25.85
29268,25.948
29269,25.943
29270,25.829
29271,25.824
29272,25.845
29273,25.86
29274,25.845
29275,25.834
29276,25.84
29277,25.912
29278,25.86
29279,25.783
29280,26.375
29281,26.38
29282,26.447
29283,26.401
29284,26.514
29285,26.596
29286,26.734
29287,26.719
29288,26.713
29289,26.847
29290,27.03
29291,27.097
29292,27.214
29293,27.255
29294,27.362
29295,27.463
29296,27.311
29297,27.545
29298,27.565
29299,27.748
29300,27.9
29301,27.905
29302,28.158
29303,28.244
29304,28.405
29305,28.415
29306,28.591
29307,28.737
29308,28.953
29309,29.123
29310,29.234
29311,29.423
29312,29.528
29313,29.618
29314,29.473
29315,28.697
29316,28.868
29317,28.968
29318,29.118
29319,29.239
29320,29.393
29321,29.613
29322,29.753
29323,30.061
29324,30.229
29325,30.63
29326,30.556
29327,30.921
29328,31.177
29329,31.477
29330,32.239
29331,33.223
29332,33.421
29333,32.652
29334,32.584
29335,32.574
29336,32.56
29337,32.647
29338,32.914
29339,32.662
29340,32.759
29341,32.73
29342,32.7
29343,32.691
29344,32.991
29345,32.885
29346,32.889
29347,32.846
29348,32.574
29349,32.831
29350,32.55
29351,32.628
29352,32.628
29353,32.603
29354,32.38
29355,32.55
29356,32.448
29357,32.37
29358,32.38
29359,32.18
29360,32.151
29361,31.907
29362,32.122
29363,32.273
29364,33.107
29365,32.885
29366,32.273
29367,31.712
29368,32.098
29369,32.268
29370,31.81
29371,31.677
29372,31.521
29373,31.108
29374,30.916
29375,30.378
29376,29.832
29377,28.998
29378,28.228
29379,27.712
29380,27.357
29381,27.194
29382,27.117
29383,27.046
29384,27.341
29385,27.509
29386,27.535
29387,27.265
29388,27.219
29389,27.209
29390,27.036
29391,27.102
29392,27.041
29393,27.02
29394,27.015
29395,26.954
29396,26.923
29397,26.939
29398,26.8
29399,26.591
29400,26.519
29401,26.498
29402,26.544
29403,26.503
29404,26.447
29405,26.396
29406,26.349
29407,26.411
29408,26.277
29409,26.211
29410,26.139
29411,26.128
29412,26.123
29413,26.128
29414,26.015
29415,26.103
29416,26.128
29417,26.123
29418,26.041
29419,26.01
29420,26.072
29421,26.03
29422,26.051
29423,26.159
29424,26.087
29425,26.149
29426,25.969
29427,26.036
29428,26.01
29429,26.056
29430,25.871
29431,26.015
29432,25.984
29433,25.86
29434,26.0
29435,25.86
29436,25.974
29437,25.876
29438,25.943
29439,25.963
29440,26.339
29441,26.37
29442,26.503
29443,26.478
29444,26.519
29445,26.483
29446,26.667
29447,26.652
29448,26.785
29449,27.056
29450,26.974
29451,27.051
29452,27.178
29453,27.275
29454,27.29
29455,27.331
29456,27.453
29457,27.606
29458,27.59
29459,27.748
29460,27.961
29461,27.915
29462,28.062
29463,28.057
29464,28.375
29465,28.435
29466,28.586
29467,28.762
29468,28.923
29469,29.053
29470,29.244
29471,29.418
29472,29.498
29473,29.762
29474,29.947
29475,29.259
29476,28.903
29477,29.078
29478,29.324
29479,29.443
29480,29.568
29481,29.807
29482,29.996
29483,30.076
29484,30.254
29485,30.576
29486,30.625
29487,31.01
29488,31.182
29489,31.741
29490,32.482
29491,33.107
29492,33.117
29493,32.55
29494,32.55
29495,32.633
29496,32.535
29497,32.797
29498,32.812
29499,32.87
29500,32.739
29501,32.812
29502,32.826
29503,33.083
29504,33.281
29505,33.006
29506,32.889
29507,32.851
29508,32.938
29509,32.715
29510,32.652
29511,32.637
29512,32.603
29513,32.492
29514,32.526
29515,32.54
29516,32.545
29517,32.346
29518,32.239
29519,32.219
29520,32.151
29521,31.941
29522,31.897
29523,32.176
29524,33.068
29525,32.579
29526,32.141
29527,31.393
29528,31.873
29529,31.814
29530,31.437
29531,31.162
29532,30.936
29533,30.546
29534,29.932
29535,29.158
29536,28.576
29537,28.026
29538,27.763
29539,27.621
29540,27.296
29541,27.097
29542,27.01
29543,27.02
29544,27.601
29545,27.733
29546,27.504
29547,27.428
29548,27.285
29549,27.275
29550,27.025
29551,26.969
29552,27.066
29553,26.882
29554,26.841
29555,26.918
29556,26.77
29557,26.872
29558,26.673
29559,26.56
29560,26.514
29561,26.483
29562,26.421
29563,26.509
29564,26.426
29565,26.406
29566,26.37
29567,26.334
29568,26.39
29569,26.247
29570,26.2
29571,26.226
29572,26.113
29573,26.051
29574,26.103
29575,26.051
29576,26.061
29577,26.051
29578,26.087
29579,26.046
29580,26.077
29581,26.066
29582,26.113
29583,26.01
29584,25.969
29585,25.969
29586,26.02
29587,26.061
29588,26.072
29589,25.917
29590,25.876
29591,25.871
29592,25.917
29593,25.865
29594,25.886
29595,25.896
29596,25.876
29597,25.912
29598,25.953
29599,25.767
29600,26.442
29601,26.432
29602,26.534
29603,26.483
29604,26.729
29605,26.713
29606,26.713
29607,26.785
29608,26.852
29609,26.847
29610,27.056
29611,27.025
29612,27.153
29613,27.219
29614,27.285
29615,27.408
29616,27.402
29617,27.667
29618,27.722
29619,27.722
29620,27.895
29621,28.072
29622,28.127
29623,28.218
29624,28.37
29625,28.481
29626,28.516
29627,28.737
29628,28.893
29629,29.078
29630,29.219
29631,29.458
29632,29.678
29633,29.817
29634,30.021
29635,29.673
29636,29.118
29637,29.274
29638,29.498
29639,29.563
29640,29.538
29641,30.026
29642,30.091
29643,30.17
29644,30.517
29645,30.759
29646,30.62
29647,30.985
29648,31.32
29649,31.829
29650,32.409
29651,32.947
29652,32.671
29653,32.501
29654,32.608
29655,32.807
29656,32.889
29657,32.783
29658,32.802
29659,32.734
29660,32.754
29661,32.918
29662,33.02
29663,33.421
29664,33.459
29665,32.947
29666,32.918
29667,32.991
29668,32.831
29669,32.613
29670,32.73
29671,32.759
29672,32.555
29673,32.691
29674,32.579
29675,32.569
29676,32.521
29677,32.443
29678,32.356
29679,32.356
29680,32.161
29681,32.049
29682,31.81
29683,32.234
29684,32.55
29685,32.336
29686,31.707
29687,31.526
29688,31.57
29689,31.241
29690,31.079
29691,30.793
29692,30.239
29693,29.593
29694,29.023
29695,28.551
29696,28.239
29697,27.956
29698,27.631
29699,27.565
29700,27.316
29701,27.199
29702,27.046
29703,27.418
29704,27.981
29705,27.768
29706,27.504
29707,27.484
29708,27.199
29709,27.163
29710,27.0
29711,27.092
29712,26.959
29713,26.882
29714,26.887
29715,26.867
29716,26.893
29717,26.754
29718,26.647
29719,26.483
29720,26.478
29721,26.529
29722,26.457
29723,26.478
29724,26.56
29725,26.432
29726,26.267
29727,26.195
29728,26.19
29729,26.272
29730,26.123
29731,26.097
29732,26.0
29733,26.164
29734,26.077
29735,26.097
29736,26.005
29737,26.03
29738,26.077
29739,26.108
29740,26.03
29741,26.041
29742,26.087
29743,26.03
29744,26.015
29745,26.092
29746,26.087
29747,25.943
29748,25.938
29749,25.932
29750,25.912
29751,25.958
29752,25.886
29753,25.855
29754,25.788
29755,25.902
29756,25.886
29757,25.917
29758,25.845
29759,25.86
29760,26.38
29761,26.478
29762,26.514
29763,26.565
29764,26.56
29765,26.626
29766,26.642
29767,26.693
29768,26.862
29769,26.928
29770,27.036
29771,27.061
29772,27.138
29773,27.285
29774,27.296
29775,27.331
29776,27.346
29777,27.641
29778,27.814
29779,27.859
29780,27.935
29781,28.077
29782,28.092
29783,28.254
29784,28.425
29785,28.465
29786,28.596
29787,28.848
29788,28.873
29789,29.088
29790,29.324
29791,29.393
29792,29.568
29793,29.743
29794,29.832
29795,29.693
29796,29.378
29797,29.393
29798,29.463
29799,29.643
29800,29.862
29801,30.041
29802,30.145
29803,30.254
29804,30.581
29805,30.744
29806,30.773
29807,31.123
29808,31.624
29809,31.922
29810,32.288
29811,32.628
29812,32.433
29813,32.497
29814,32.594
29815,32.773
29816,32.943
29817,32.812
29818,32.933
29819,32.817
29820,32.797
29821,33.078
29822,33.416
29823,33.411
29824,33.068
29825,32.928
29826,33.189
29827,33.291
29828,32.671
29829,32.686
29830,32.666
29831,32.822
29832,32.793
29833,32.88
29834,32.574
29835,32.618
29836,32.594
29837,32.404
29838,32.433
29839,32.156
29840,32.117
29841,31.893
29842,31.927
29843,32.117
29844,32.341
29845,32.01
29846,31.545
29847,31.31
29848,31.261
29849,31.138
29850,30.502
29851,29.961
29852,29.553
29853,29.053
29854,28.657
29855,28.289
29856,28.138
29857,27.9
29858,27.58
29859,27.402
29860,27.199
29861,27.127
29862,27.041
29863,27.484
29864,28.057
29865,27.986
29866,27.535
29867,27.127
29868,27.056
29869,27.127
29870,26.974
29871,26.918
29872,27.036
29873,26.913
29874,26.708
29875,26.898
29876,26.58
29877,26.76
29878,26.621
29879,26.575
29880,26.606
29881,26.585
29882,26.483
29883,26.488
29884,26.365
29885,26.324
29886,26.349
29887,26.211
29888,26.149
29889,26.185
29890,26.205
29891,26.185
29892,26.113
29893,26.128
29894,26.118
29895,26.0
29896,26.03
29897,26.051
29898,26.061
29899,26.087
29900,26.066
29901,26.164
29902,26.0
29903,26.113
29904,26.005
29905,26.056
29906,26.046
29907,25.963
29908,25.912
29909,25.938
29910,25.871
29911,25.881
29912,25.845
29913,25.943
29914,25.927
29915,25.803
29916,25.917
29917,25.917
29918,25.845
29919,25.871
29920,26.442
29921,26.339
29922,26.396
29923,26.498
29924,26.58
29925,26.514
29926,26.601
29927,26.703
29928,26.928
29929,26.939
29930,26.903
29931,26.974
29932,27.036
29933,27.148
29934,27.143
29935,27.255
29936,27.367
29937,27.59
29938,27.616
29939,27.667
29940,27.91
29941,27.935
29942,28.158
29943,28.138
29944,28.279
29945,28.561
29946,28.526
29947,28.667
29948,28.968
29949,28.998
29950,29.108
29951,29.413
29952,29.563
29953,29.748
29954,29.872
29955,29.976
29956,29.718
29957,29.513
29958,29.653
29959,29.762
29960,29.842
29961,30.13
29962,30.244
29963,30.388
29964,30.685
29965,30.724
29966,31.03
29967,31.354
29968,31.829
29969,32.141
29970,32.229
29971,32.608
29972,32.608
29973,32.642
29974,32.705
29975,32.991
29976,33.035
29977,32.822
29978,32.933
29979,32.909
29980,32.783
29981,33.411
29982,33.368
29983,33.059
29984,32.86
29985,33.015
29986,33.141
29987,32.991
29988,32.841
29989,32.793
29990,32.783
29991,32.696
29992,33.165
29993,33.064
29994,32.599
29995,32.385
29996,32.395
29997,32.535
29998,32.419
29999,32.253
30000,31.971
30001,31.902
30002,31.956
30003,32.078
30004,31.976
30005,31.956
30006,31.535
30007,31.108
30008,31.005
30009,30.561
30010,29.956
30011,29.548
30012,29.269
30013,28.808
30014,28.551
30015,28.244
30016,28.153
30017,27.743
30018,27.57
30019,27.341
30020,27.122
30021,27.153
30022,26.908
30023,27.535
30024,27.854
30025,27.646
30026,27.214
30027,27.041
30028,27.0
30029,26.887
30030,26.877
30031,26.877
30032,26.893
30033,27.051
30034,26.734
30035,26.775
30036,26.642
30037,26.703
30038,26.637
30039,26.565
30040,26.606
30041,26.385
30042,26.462
30043,26.401
30044,26.401
30045,26.319
30046,26.37
30047,26.241
30048,26.216
30049,26.277
30050,26.339
30051,26.252
30052,26.139
30053,26.149
30054,26.03
30055,26.087
30056,26.18
30057,26.015
30058,26.0
30059,26.0
30060,25.969
30061,26.092
30062,25.989
30063,26.01
30064,25.881
30065,25.989
30066,25.994
30067,25.969
30068,25.845
30069,25.958
30070,25.865
30071,25.922
30072,25.876
30073,25.855
30074,25.84
30075,25.772
30076,25.871
30077,25.819
30078,25.927
30079,25.819
30080,26.319
30081,26.334
30082,26.509
30083,26.56
30084,26.611
30085,26.667
30086,26.591
30087,26.632
30088,26.765
30089,26.806
30090,26.949
30091,27.041
30092,26.995
30093,27.087
30094,27.214
30095,27.153
30096,27.352
30097,27.55
30098,27.58
30099,27.646
30100,27.895
30101,27.92
30102,28.052
30103,28.244
30104,28.481
30105,28.526
30106,28.617
30107,28.747
30108,28.878
30109,28.903
30110,29.033
30111,29.324
30112,29.548
30113,29.673
30114,29.956
30115,30.11
30116,30.115
30117,29.748
30118,29.777
30119,29.762
30120,30.096
30121,30.17
30122,30.477
30123,30.536
30124,30.842
30125,30.99
30126,31.251
30127,31.697
30128,32.049
30129,32.263
30130,32.351
30131,32.569
30132,32.676
30133,32.783
30134,32.812
30135,33.344
30136,33.035
30137,32.889
30138,32.846
30139,33.049
30140,33.083
30141,33.324
30142,33.247
30143,32.899
30144,33.049
30145,33.329
30146,33.286
30147,32.851
30148,32.817
30149,32.904
30150,32.666
30151,32.943
30152,33.541
30153,32.807
30154,32.574
30155,32.521
30156,32.565
30157,32.608
30158,32.628
30159,32.263
30160,31.966
30161,32.01
30162,31.912
30163,32.039
30164,31.883
30165,31.932
30166,31.535
30167,31.197
30168,31.044
30169,30.249
30170,29.802
30171,29.558
30172,29.264
30173,28.767
30174,28.551
30175,28.127
30176,28.026
30177,27.966
30178,27.656
30179,27.474
30180,27.245
30181,26.969
30182,27.117
30183,27.469
30184,27.372
30185,27.25
30186,27.025
30187,26.974
30188,27.036
30189,26.964
30190,26.928
30191,26.867
30192,26.903
30193,26.77
30194,26.831
30195,26.765
30196,26.724
30197,26.775
30198,26.647
30199,26.544
30200,26.493
30201,26.447
30202,26.37
30203,26.416
30204,26.462
30205,26.39
30206,26.334
30207,26.226
30208,26.205
30209,26.072
30210,26.252
30211,26.159
30212,26.108
30213,26.113
30214,26.041
30215,26.03
30216,26.118
30217,26.066
30218,26.01
30219,26.005
30220,26.066
30221,26.01
30222,26.051
30223,25.871
30224,25.984
30225,25.989
30226,25.938
30227,25.989
30228,25.922
30229,25.932
30230,25.876
30231,25.85
30232,25.871
30233,25.963
30234,25.984
30235,25.845
30236,25.876
30237,25.819
30238,25.902
30239,25.891
30240,26.344
30241,26.38
30242,26.452
30243,26.58
30244,26.637
30245,26.601
30246,26.667
30247,26.611
30248,26.662
30249,26.683
30250,27.02
30251,27.046
30252,27.056
30253,27.102
30254,27.234
30255,27.316
30256,27.336
30257,27.585
30258,27.57
30259,27.763
30260,27.819
30261,27.956
30262,27.915
30263,28.102
30264,28.259
30265,28.491
30266,28.611
30267,28.642
30268,28.863
30269,28.983
30270,28.998
30271,29.098
30272,29.573
30273,29.713
30274,29.917
30275,30.13
30276,30.378
30277,30.195
30278,30.16
30279,29.991
30280,30.175
30281,30.536
30282,30.65
30283,30.867
30284,31.074
30285,31.584
30286,31.418
30287,31.819
30288,32.117
30289,32.273
30290,32.307
30291,32.696
30292,32.652
30293,32.851
30294,33.102
30295,33.372
30296,33.122
30297,32.914
30298,32.981
30299,33.015
30300,33.02
30301,33.421
30302,33.136
30303,33.02
30304,33.266
30305,33.358
30306,33.001
30307,32.754
30308,32.763
30309,32.914
30310,32.909
30311,33.353
30312,33.126
30313,32.472
30314,32.404
30315,32.535
30316,32.429
30317,32.613
30318,32.331
30319,32.399
30320,32.151
30321,31.956
30322,32.015
30323,31.946
30324,31.8
30325,31.756
30326,31.334
30327,30.971
30328,30.457
30329,29.991
30330,29.673
30331,29.598
30332,29.209
30333,28.732
30334,28.501
30335,28.375
30336,28.082
30337,27.945
30338,27.651
30339,27.438
30340,27.214
30341,27.148
30342,27.132
30343,27.255
30344,27.066
30345,26.949
30346,26.954
30347,26.964
30348,26.964
30349,26.954
30350,26.847
30351,26.939
30352,26.847
30353,26.806
30354,26.76
30355,26.785
30356,26.596
30357,26.616
30358,26.539
30359,26.555
30360,26.55
30361,26.524
30362,26.493
30363,26.334
30364,26.37
30365,26.272
30366,26.344
30367,26.159
30368,26.159
30369,26.19
30370,26.205
30371,26.139
30372,26.123
30373,26.015
30374,26.036
30375,26.123
30376,26.051
30377,26.0
30378,26.041
30379,25.948
30380,26.092
30381,26.108
30382,26.03
30383,25.963
30384,25.938
30385,25.943
30386,25.886
30387,26.01
30388,25.912
30389,25.979
30390,25.793
30391,25.902
30392,25.881
30393,26.02
30394,25.86
30395,25.871
30396,25.912
30397,25.958
30398,25.834
30399,25.948
30400,26.365
30401,26.416
30402,26.56
30403,26.565
30404,26.58
30405,26.606
30406,26.632
30407,26.519
30408,26.703
30409,26.867
30410,26.877
30411,26.928
30412,27.005
30413,27.036
30414,27.189
30415,27.28
30416,27.296
30417,27.55
30418,27.677
30419,27.641
30420,27.864
30421,27.935
30422,28.153
30423,28.127
30424,28.284
30425,28.299
30426,28.637
30427,28.611
30428,28.777
30429,28.838
30430,29.073
30431,29.229
30432,29.533
30433,29.777
30434,29.937
30435,30.16
30436,30.428
30437,30.764
30438,30.69
30439,30.522
30440,30.403
30441,30.586
30442,30.995
30443,31.276
30444,31.775
30445,31.985
30446,31.961
30447,32.19
30448,32.258
30449,32.555
30450,32.696
30451,32.705
30452,32.812
30453,32.885
30454,33.155
30455,33.305
30456,33.228
30457,33.184
30458,33.01
30459,32.977
30460,33.204
30461,33.421
30462,33.006
30463,33.131
30464,33.276
30465,33.483
30466,33.122
30467,32.817
30468,32.909
30469,32.923
30470,32.996
30471,33.01
30472,32.565
30473,32.516
30474,32.569
30475,32.671
30476,32.331
30477,32.39
30478,32.443
30479,32.36
30480,32.156
30481,31.8
30482,32.073
30483,31.961
30484,31.673
30485,31.775
30486,31.526
30487,30.995
30488,30.512
30489,30.056
30490,29.767
30491,29.518
30492,29.254
30493,28.858
30494,28.566
30495,28.264
30496,28.148
30497,27.829
30498,27.687
30499,27.346
30500,27.357
30501,27.122
30502,27.153
30503,27.158
30504,26.969
30505,27.071
30506,26.887
30507,26.918
30508,26.99
30509,27.005
30510,26.893
30511,26.949
30512,26.852
30513,26.765
30514,26.713
30515,26.611
30516,26.637
30517,26.683
30518,26.591
30519,26.678
30520,26.591
30521,26.488
30522,26.298
30523,26.272
30524,26.216
30525,26.205
30526,26.257
30527,26.272
30528,26.159
30529,26.103
30530,26.144
30531,26.108
30532,26.123
30533,26.02
30534,26.108
30535,26.056
30536,26.149
30537,26.02
30538,26.041
30539,26.025
30540,25.938
30541,26.092
30542,26.041
30543,25.989
30544,26.036
30545,26.005
30546,25.984
30547,25.948
30548,26.025
30549,25.865
30550,25.932
30551,25.912
30552,25.912
30553,25.974
30554,25.948
30555,25.984
30556,25.948
30557,25.902
30558,25.932
30559,26.041
30560,26.19
30561,26.416
30562,26.55
30563,26.488
30564,26.544
30565,26.606
30566,26.606
30567,26.749
30568,26.657
30569,26.8
30570,27.0
30571,27.01
30572,27.076
30573,27.015
30574,27.071
30575,27.219
30576,27.316
30577,27.56
30578,27.606
30579,27.692
30580,27.925
30581,27.971
30582,28.031
30583,28.097
30584,28.223
30585,28.213
30586,28.455
30587,28.526
30588,28.878
30589,28.868
30590,29.078
30591,29.259
30592,29.503
30593,29.723
30594,29.832
30595,30.17
30596,30.447
30597,30.704
30598,31.079
30599,30.98
30600,30.778
30601,30.847
30602,31.192
30603,31.629
30604,32.268
30605,32.7
30606,32.584
30607,32.385
30608,32.292
30609,32.812
30610,32.856
30611,32.904
30612,32.885
30613,32.957
30614,33.575
30615,33.334
30616,33.372
30617,33.334
30618,33.078
30619,33.054
30620,33.165
30621,33.17
30622,33.136
30623,33.155
30624,33.204
30625,33.406
30626,32.865
30627,33.097
30628,33.049
30629,32.904
30630,32.952
30631,32.603
30632,32.531
30633,32.555
30634,32.545
30635,32.589
30636,32.36
30637,32.302
30638,32.477
30639,32.283
30640,31.951
30641,31.951
30642,31.946
30643,31.751
30644,31.726
30645,31.726
30646,31.545
30647,31.01
30648,30.635
30649,30.081
30650,29.718
30651,29.418
30652,29.239
30653,28.818
30654,28.672
30655,28.405
30656,28.218
30657,27.95
30658,27.717
30659,27.509
30660,27.168
30661,27.046
30662,27.081
30663,27.03
30664,26.821
30665,27.005
30666,26.959
30667,26.964
30668,27.041
30669,27.005
30670,26.862
30671,26.795
30672,26.708
30673,26.632
30674,26.754
30675,26.632
30676,26.626
30677,26.55
30678,26.601
30679,26.621
30680,26.344
30681,26.36
30682,26.262
30683,26.149
30684,26.375
30685,26.329
30686,26.303
30687,26.421
30688,26.159
30689,26.159
30690,26.149
30691,26.169
30692,26.02
30693,26.061
30694,26.082
30695,26.066
30696,26.015
30697,25.938
30698,25.902
30699,25.917
30700,26.03
30701,26.041
30702,26.046
30703,25.855
30704,26.015
30705,25.994
30706,25.907
30707,25.912
30708,25.886
30709,25.963
30710,25.886
30711,25.845
30712,25.984
30713,25.932
30714,26.036
30715,25.958
30716,25.865
30717,25.876
30718,25.86
30719,25.943
30720,26.313
30721,26.313
30722,26.277
30723,26.606
30724,26.596
30725,26.616
30726,26.642
30727,26.811
30728,26.693
30729,26.964
30730,26.984
30731,27.076
30732,27.046
30733,27.102
30734,27.076
30735,27.229
30736,27.326
30737,27.58
30738,27.672
30739,27.773
30740,27.92
30741,27.935
30742,28.102
30743,28.274
30744,28.299
30745,28.385
30746,28.526
30747,28.576
30748,28.853
30749,29.013
30750,29.118
30751,29.453
30752,29.543
30753,29.718
30754,30.011
30755,30.14
30756,30.393
30757,30.615
30758,31.226
30759,31.531
30760,31.413
30761,31.393
30762,31.589
30763,31.858
30764,32.487
30765,33.397
30766,33.305
30767,32.759
30768,32.817
30769,32.938
30770,33.122
30771,33.315
30772,32.962
30773,33.237
30774,33.401
30775,33.709
30776,33.815
30777,33.266
30778,33.107
30779,32.943
30780,33.257
30781,33.276
30782,32.933
30783,33.01
30784,33.165
30785,33.059
30786,32.947
30787,33.078
30788,32.889
30789,32.88
30790,32.574
30791,32.642
30792,32.681
30793,32.589
30794,32.763
30795,32.628
30796,32.336
30797,32.414
30798,32.176
30799,32.288
30800,32.141
30801,32.073
30802,32.093
30803,32.015
30804,31.604
30805,31.824
30806,31.526
30807,31.044
30808,30.482
30809,29.922
30810,29.658
30811,29.588
30812,29.354
30813,28.953
30814,28.611
30815,28.496
30816,28.193
30817,27.91
30818,27.743
30819,27.545
30820,27.24
30821,27.132
30822,27.127
30823,27.046
30824,27.005
30825,26.995
30826,26.857
30827,26.857
30828,26.841
30829,26.964
30830,26.857
30831,26.795
30832,26.8
30833,26.703
30834,26.678
30835,26.749
30836,26.58
30837,26.555
30838,26.58
30839,26.39
30840,26.509
30841,26.385
30842,26.36
30843,26.277
30844,26.349
30845,26.241
30846,26.324
30847,26.252
30848,26.211
30849,26.185
30850,26.139
30851,26.175
30852,26.169
30853,26.082
30854,26.056
30855,26.061
30856,25.896
30857,26.005
30858,25.958
30859,26.061
30860,25.907
30861,26.046
30862,26.097
30863,26.036
30864,26.03
30865,25.979
30866,26.02
30867,25.891
30868,25.953
30869,25.989
30870,25.881
30871,25.907
30872,25.896
30873,25.922
30874,25.948
30875,25.963
30876,25.912
30877,25.922
30878,25.922
30879,25.891
30880,26.252
30881,26.37
30882,26.426
30883,26.452
30884,26.488
30885,26.621
30886,26.621
30887,26.708
30888,26.744
30889,26.785
30890,27.005
30891,26.969
30892,26.984
30893,27.127
30894,27.051
30895,27.209
30896,27.346
30897,27.514
30898,27.57
30899,27.626
30900,27.728
30901,27.94
30902,28.047
30903,28.122
30904,28.193
30905,28.425
30906,28.591
30907,28.606
30908,28.853
30909,28.873
30910,29.158
30911,29.249
30912,29.528
30913,29.827
30914,29.822
30915,30.13
30916,30.309
30917,30.694
30918,31.187
30919,31.717
30920,32.005
30921,31.77
30922,32.02
30923,32.317
30924,32.725
30925,33.136
30926,33.782
30927,33.199
30928,33.344
30929,33.146
30930,33.271
30931,33.237
30932,33.136
30933,33.464
30934,33.469
30935,33.844
30936,33.666
30937,33.358
30938,32.952
30939,32.957
30940,33.155
30941,33.083
30942,33.151
30943,33.382
30944,33.025
30945,32.88
30946,32.846
30947,33.03
30948,32.904
30949,32.923
30950,32.681
30951,32.676
30952,32.696
30953,32.87
30954,32.909
30955,32.39
30956,32.166
30957,32.0
30958,32.288
30959,32.21
30960,32.21
30961,32.063
30962,31.98
30963,31.814
30964,31.795
30965,31.937
30966,31.54
30967,30.995
30968,30.329
30969,29.961
30970,29.658
30971,29.473
30972,29.304
30973,29.073
30974,28.617
30975,28.556
30976,28.183
30977,27.91
30978,27.692
30979,27.494
30980,27.575
30981,27.26
30982,27.194
30983,27.036
30984,27.036
30985,27.127
30986,26.944
30987,26.99
30988,26.867
30989,26.836
30990,26.821
30991,26.754
30992,26.739
30993,26.729
30994,26.729
30995,26.713
30996,26.555
30997,26.529
30998,26.519
30999,26.401
31000,26.334
31001,26.38
31002,26.319
31003,26.344
31004,26.396
31005,26.365
31006,26.349
31007,26.288
31008,26.262
31009,26.226
31010,26.195
31011,26.159
31012,26.205
31013,26.077
31014,26.072
31015,26.005
31016,26.051
31017,25.938
31018,26.066
31019,25.927
31020,25.963
31021,25.788
31022,26.041
31023,25.871
31024,25.932
31025,25.969
31026,26.041
31027,25.891
31028,25.948
31029,26.036
31030,25.886
31031,25.902
31032,26.03
31033,25.907
31034,25.829
31035,25.927
31036,25.896
31037,25.891
31038,25.927
31039,25.989
31040,26.365
31041,26.283
31042,26.401
31043,26.483
31044,26.483
31045,26.601
31046,26.662
31047,26.616
31048,26.58
31049,26.857
31050,26.77
31051,26.939
31052,26.995
31053,27.01
31054,27.224
31055,27.183
31056,27.296
31057,27.479
31058,27.611
31059,27.58
31060,27.702
31061,27.783
31062,27.925
31063,28.158
31064,28.218
31065,28.476
31066,28.606
31067,28.576
31068,28.843
31069,28.828
31070,29.158
31071,29.269
31072,29.478
31073,29.857
31074,29.947
31075,30.061
31076,30.259
31077,30.66
31078,31.241
31079,31.78
31080,32.127
31081,32.322
31082,32.365
31083,32.686
31084,33.049
31085,33.295
31086,33.599
31087,33.565
31088,33.459
31089,33.368
31090,33.247
31091,33.286
31092,33.151
31093,33.464
31094,33.522
31095,33.652
31096,33.671
31097,33.276
31098,33.126
31099,33.078
31100,33.194
31101,33.039
31102,33.426
31103,33.16
31104,32.768
31105,32.88
31106,33.073
31107,32.86
31108,33.068
31109,32.851
31110,32.841
31111,32.943
31112,32.744
31113,32.793
31114,32.565
31115,32.18
31116,32.102
31117,32.331
31118,32.463
31119,32.297
31120,32.2
31121,32.258
31122,32.078
31123,31.819
31124,32.176
31125,31.824
31126,31.511
31127,30.966
31128,30.329
31129,29.807
31130,29.608
31131,29.623
31132,29.304
31133,29.209
31134,28.863
31135,28.586
31136,28.345
31137,28.117
31138,27.915
31139,27.626
31140,27.601
31141,27.326
31142,27.296
31143,27.199
31144,27.117
31145,27.087
31146,26.775
31147,26.944
31148,26.893
31149,26.831
31150,26.841
31151,26.76
31152,26.754
31153,26.606
31154,26.601
31155,26.601
31156,26.565
31157,26.467
31158,26.437
31159,26.467
31160,26.324
31161,26.38
31162,26.221
31163,26.257
31164,26.283
31165,26.303
31166,26.349
31167,26.334
31168,26.149
31169,26.128
31170,26.144
31171,26.144
31172,26.072
31173,25.958
31174,26.144
31175,25.943
31176,26.041
31177,25.907
31178,26.025
31179,25.902
31180,25.912
31181,25.876
31182,25.86
31183,25.85
31184,25.896
31185,25.891
31186,25.953
31187,25.974
31188,25.963
31189,26.03
31190,25.963
31191,25.907
31192,25.876
31193,25.969
31194,25.912
31195,25.948
31196,25.953
31197,25.912
31198,25.948
31199,25.932
31200,26.2
31201,26.257
31202,26.426
31203,26.36
31204,26.56
31205,26.585
31206,26.632
31207,26.606
31208,26.744
31209,26.744
31210,26.765
31211,26.893
31212,26.979
31213,26.974
31214,26.974
31215,27.204
31216,27.336
31217,27.306
31218,27.408
31219,27.585
31220,27.793
31221,27.778
31222,27.945
31223,28.077
31224,28.208
31225,28.284
31226,28.445
31227,28.546
31228,28.737
31229,28.883
31230,28.868
31231,29.123
31232,29.289
31233,29.453
31234,29.837
31235,30.056
31236,30.329
31237,30.675
31238,31.236
31239,31.766
31240,32.278
31241,32.472
31242,32.574
31243,32.904
31244,33.329
31245,33.58
31246,33.363
31247,33.565
31248,33.531
31249,33.483
31250,33.368
31251,33.059
31252,33.291
31253,33.483
31254,33.642
31255,33.623
31256,33.642
31257,33.237
31258,33.136
31259,33.281
31260,33.146
31261,33.117
31262,33.194
31263,32.947
31264,32.768
31265,33.078
31266,33.151
31267,33.073
31268,32.923
31269,32.875
31270,32.87
31271,32.962
31272,32.802
31273,32.497
31274,32.39
31275,32.219
31276,32.253
31277,32.492
31278,32.385
31279,32.39
31280,32.195
31281,32.214
31282,32.088
31283,32.01
31284,32.171
31285,31.946
31286,31.467
31287,30.966
31288,30.398
31289,30.011
31290,29.598
31291,29.339
31292,29.173
31293,29.183
31294,28.797
31295,28.692
31296,28.531
31297,28.077
31298,27.93
31299,27.925
31300,27.809
31301,27.352
31302,27.326
31303,27.122
31304,27.132
31305,27.081
31306,26.826
31307,26.908
31308,26.806
31309,26.923
31310,26.739
31311,26.795
31312,26.673
31313,26.611
31314,26.652
31315,26.693
31316,26.591
31317,26.637
31318,26.56
31319,26.349
31320,26.329
31321,26.288
31322,26.334
31323,26.262
31324,26.247
31325,26.247
31326,26.185
31327,26.221
31328,26.195
31329,26.144
31330,26.015
31331,25.994
31332,25.943
31333,26.03
31334,26.133
31335,26.128
31336,26.01
31337,26.056
31338,25.938
31339,25.881
31340,25.984
31341,26.01
31342,25.943
31343,25.938
31344,25.927
31345,26.005
31346,25.953
31347,25.896
31348,25.886
31349,25.886
31350,25.829
31351,25.912
31352,25.824
31353,25.902
31354,25.747
31355,25.865
31356,25.814
31357,25.912
31358,25.902
31359,25.845
31360,26.247
31361,26.2
31362,26.226
31363,26.349
31364,26.452
31365,26.596
31366,26.683
31367,26.596
31368,26.626
31369,26.667
31370,26.893
31371,26.806
31372,26.816
31373,26.984
31374,27.092
31375,27.194
31376,27.224
31377,27.479
31378,27.438
31379,27.672
31380,27.783
31381,27.839
31382,28.016
31383,27.991
31384,28.198
31385,28.178
31386,28.35
31387,28.521
31388,28.802
31389,28.787
31390,29.083
31391,29.183
31392,29.344
31393,29.558
31394,29.842
31395,30.155
31396,30.324
31397,30.773
31398,31.236
31399,31.805
31400,32.219
31401,32.511
31402,32.657
31403,33.097
31404,33.291
31405,33.796
31406,33.531
31407,33.57
31408,33.56
31409,33.401
31410,33.286
31411,33.218
31412,33.319
31413,33.633
31414,33.623
31415,33.507
31416,33.536
31417,33.194
31418,33.155
31419,33.334
31420,33.155
31421,33.17
31422,33.199
31423,33.01
31424,33.102
31425,33.344
31426,33.073
31427,33.059
31428,32.885
31429,32.734
31430,32.788
31431,32.962
31432,32.681
31433,32.608
31434,32.341
31435,32.229
31436,32.458
31437,32.531
31438,32.574
31439,32.336
31440,32.229
31441,32.156
31442,32.234
31443,32.492
31444,32.214
31445,31.761
31446,31.295
31447,31.094
31448,30.378
31449,30.15
31450,29.703
31451,29.438
31452,29.324
31453,29.128
31454,28.843
31455,28.742
31456,28.541
31457,28.218
31458,28.163
31459,27.829
31460,27.484
31461,27.357
31462,27.413
31463,27.153
31464,27.168
31465,27.178
31466,27.076
31467,26.913
31468,26.918
31469,26.821
31470,26.816
31471,26.867
31472,26.79
31473,26.596
31474,26.637
31475,26.621
31476,26.524
31477,26.529
31478,26.38
31479,26.488
31480,26.473
31481,26.385
31482,26.416
31483,26.267
31484,26.272
31485,26.365
31486,26.298
31487,26.308
31488,26.185
31489,26.18
31490,26.169
31491,26.051
31492,25.943
31493,25.994
31494,26.0
31495,26.005
31496,26.041
31497,26.051
31498,25.932
31499,26.01
31500,26.025
31501,26.015
31502,25.932
31503,25.994
31504,25.979
31505,25.994
31506,26.036
31507,25.948
31508,25.917
31509,25.917
31510,25.891
31511,25.85
31512,25.876
31513,25.855
31514,25.814
31515,25.819
31516,25.994
31517,25.902
31518,25.886
31519,25.85
31520,26.298
31521,26.19
31522,26.334
31523,26.442
31524,26.575
31525,26.447
31526,26.524
31527,26.616
31528,26.555
31529,26.683
31530,26.811
31531,26.974
31532,26.8
31533,26.933
31534,27.092
31535,27.117
31536,27.316
31537,27.301
31538,27.346
31539,27.722
31540,27.656
31541,27.702
31542,27.991
31543,27.956
31544,28.016
31545,28.112
31546,28.576
31547,28.596
31548,28.682
31549,28.853
31550,28.933
31551,29.078
31552,29.214
31553,29.508
31554,29.842
31555,30.066
31556,30.368
31557,30.586
31558,31.03
31559,31.658
31560,32.073
31561,32.555
31562,32.768
31563,33.358
31564,33.493
31565,33.878
31566,33.782
31567,33.849
31568,33.584
31569,33.483
31570,33.266
31571,33.295
31572,33.291
31573,33.435
31574,33.454
31575,33.392
31576,33.315
31577,33.213
31578,33.16
31579,33.565
31580,33.141
31581,33.131
31582,33.165
31583,32.947
31584,33.083
31585,33.252
31586,32.923
31587,32.899
31588,32.841
31589,33.01
31590,32.87
31591,32.696
31592,32.633
31593,32.443
31594,32.424
31595,32.506
31596,32.55
31597,32.705
31598,32.414
31599,32.691
31600,32.516
31601,32.443
31602,32.429
31603,32.492
31604,32.083
31605,31.673
31606,31.575
31607,31.192
31608,30.966
31609,30.413
31610,30.041
31611,29.618
31612,29.309
31613,28.938
31614,28.707
31615,28.712
31616,28.692
31617,28.576
31618,28.021
31619,27.728
31620,27.438
31621,27.362
31622,27.301
31623,27.245
31624,27.219
31625,27.138
31626,26.954
31627,26.984
31628,26.913
31629,26.857
31630,26.836
31631,26.662
31632,26.667
31633,26.596
31634,26.621
31635,26.483
31636,26.442
31637,26.544
31638,26.467
31639,26.334
31640,26.385
31641,26.334
31642,26.288
31643,26.308
31644,26.329
31645,26.231
31646,26.257
31647,26.324
31648,26.169
31649,26.19
31650,26.195
31651,26.092
31652,25.953
31653,25.943
31654,26.046
31655,26.051
31656,26.015
31657,26.025
31658,26.082
31659,25.958
31660,25.896
31661,26.025
31662,25.963
31663,25.953
31664,25.938
31665,25.974
31666,25.974
31667,25.912
31668,25.803
31669,25.938
31670,25.86
31671,25.912
31672,25.902
31673,25.876
31674,25.922
31675,25.876
31676,25.86
31677,25.896
31678,25.917
31679,25.85
31680,26.205
31681,26.247
31682,26.298
31683,26.288
31684,26.442
31685,26.349
31686,26.478
31687,26.544
31688,26.693
31689,26.76
31690,26.77
31691,26.831
31692,27.005
31693,26.944
31694,27.107
31695,27.097
31696,27.189
31697,27.341
31698,27.474
31699,27.438
31700,27.763
31701,27.763
31702,27.971
31703,27.849
31704,28.148
31705,28.153
31706,28.355
31707,28.36
31708,28.632
31709,28.893
31710,29.053
31711,29.153
31712,29.493
31713,29.503
31714,29.842
31715,30.105
31716,30.319
31717,30.793
31718,31.133
31719,31.722
31720,32.244
31721,32.666
31722,32.778
31723,33.319
31724,33.762
31725,33.863
31726,33.882
31727,33.873
31728,33.849
31729,33.575
31730,33.613
31731,33.401
31732,33.295
31733,33.344
31734,33.483
31735,33.401
31736,33.136
31737,33.199
31738,33.295
31739,33.339
31740,33.141
31741,33.421
31742,33.039
31743,32.986
31744,33.078
31745,32.889
31746,32.88
31747,32.618
31748,32.928
31749,32.807
31750,32.506
31751,32.419
31752,32.448
31753,32.535
31754,32.511
31755,32.647
31756,32.875
31757,32.725
31758,32.705
31759,32.433
31760,32.579
31761,32.56
31762,32.594
31763,32.278
31764,32.088
31765,32.039
31766,31.687
31767,31.467
31768,31.04
31769,30.838
31770,30.348
31771,29.683
31772,29.204
31773,28.923
31774,28.928
31775,29.229
31776,29.173
31777,28.4
31778,28.001
31779,27.728
31780,27.494
31781,27.352
31782,27.362
31783,27.316
31784,27.316
31785,27.255
31786,27.066
31787,26.933
31788,26.847
31789,26.847
31790,26.831
31791,26.657
31792,26.683
31793,26.575
31794,26.539
31795,26.524
31796,26.355
31797,26.509
31798,26.406
31799,26.344
31800,26.467
31801,26.406
31802,26.473
31803,26.426
31804,26.308
31805,26.293
31806,26.169
31807,26.231
31808,26.319
31809,26.221
31810,26.19
31811,26.185
31812,26.175
31813,26.01
31814,26.03
31815,26.005
31816,26.185
31817,26.077
31818,26.01
31819,26.025
31820,25.979
31821,25.932
31822,25.943
31823,25.938
31824,25.891
31825,25.994
31826,25.886
31827,25.891
31828,25.881
31829,25.912
31830,25.855
31831,25.886
31832,25.855
31833,25.912
31834,25.896
31835,25.969
31836,25.912
31837,26.0
31838,25.865
31839,25.922
31840,26.159
31841,26.267
31842,26.355
31843,26.406
31844,26.452
31845,26.467
31846,26.57
31847,26.616
31848,26.642
31849,26.719
31850,26.826
31851,26.78
31852,26.857
31853,27.0
31854,27.051
31855,27.183
31856,27.209
31857,27.265
31858,27.362
31859,27.519
31860,27.59
31861,27.662
31862,27.717
31863,27.986
31864,27.991
31865,28.122
31866,28.324
31867,28.35
31868,28.566
31869,28.843
31870,29.003
31871,29.118
31872,29.234
31873,29.653
31874,29.807
31875,29.807
31876,30.12
31877,30.556
31878,31.118
31879,31.482
31880,32.102
31881,32.618
31882,32.793
31883,33.262
31884,33.767
31885,33.973
31886,33.825
31887,33.873
31888,33.854
31889,33.757
31890,33.709
31891,33.628
31892,33.416
31893,33.348
31894,33.353
31895,33.02
31896,33.305
31897,33.102
31898,33.16
31899,33.102
31900,33.271
31901,33.498
31902,32.846
31903,33.064
31904,32.652
31905,32.962
31906,32.783
31907,32.686
31908,32.856
31909,32.773
31910,32.443
31911,32.429
31912,32.594
31913,32.511
31914,32.73
31915,32.846
31916,32.623
31917,32.894
31918,32.923
31919,32.594
31920,32.637
31921,32.851
31922,32.793
31923,32.346
31924,32.39
31925,32.467
31926,32.424
31927,32.283
31928,32.419
31929,31.81
31930,31.143
31931,30.19
31932,29.892
31933,29.827
31934,29.703
31935,29.558
31936,28.717
31937,28.213
31938,28.011
31939,27.692
31940,27.504
31941,27.418
31942,27.458
31943,27.453
31944,27.224
31945,27.326
31946,27.178
31947,26.872
31948,27.005
31949,26.821
31950,26.749
31951,26.744
31952,26.606
31953,26.744
31954,26.544
31955,26.426
31956,26.509
31957,26.488
31958,26.334
31959,26.308
31960,26.37
31961,26.293
31962,26.39
31963,26.324
31964,26.123
31965,26.108
31966,26.205
31967,26.298
31968,26.164
31969,26.277
31970,26.221
31971,26.103
31972,26.221
31973,26.087
31974,26.041
31975,26.097
31976,26.046
31977,26.041
31978,26.03
31979,26.005
31980,26.03
31981,25.994
31982,25.969
31983,26.01
31984,25.963
31985,25.819
31986,25.932
31987,25.943
31988,25.932
31989,25.845
31990,25.881
31991,25.876
31992,25.845
31993,25.963
31994,26.077
31995,25.902
31996,26.025
31997,25.891
31998,25.891
31999,25.896
32000,26.241
32001,26.236
32002,26.313
32003,26.288
32004,26.396
32005,26.667
32006,26.478
32007,26.596
32008,26.544
32009,26.754
32010,26.734
32011,26.826
32012,26.749
32013,26.882
32014,27.036
32015,27.183
32016,27.127
32017,27.341
32018,27.341
32019,27.397
32020,27.494
32021,27.778
32022,27.829
32023,27.945
32024,27.956
32025,28.168
32026,28.289
32027,28.345
32028,28.687
32029,28.818
32030,29.023
32031,29.183
32032,29.359
32033,29.418
32034,29.633
32035,29.917
32036,30.185
32037,30.452
32038,30.813
32039,31.477
32040,32.122
32041,32.642
32042,32.841
32043,33.348
32044,33.882
32045,34.141
32046,34.203
32047,34.079
32048,33.844
32049,33.873
32050,33.618
32051,33.82
32052,33.334
32053,33.353
32054,33.348
32055,33.464
32056,33.363
32057,33.093
32058,33.112
32059,33.097
32060,33.358
32061,33.146
32062,32.865
32063,32.938
32064,32.836
32065,32.802
32066,32.628
32067,32.744
32068,32.797
32069,32.671
32070,32.463
32071,32.492
32072,32.759
32073,32.754
32074,32.851
32075,32.73
32076,32.793
32077,32.918
32078,32.734
32079,32.797
32080,32.996
32081,32.972
32082,32.856
32083,32.642
32084,32.744
32085,33.397
32086,33.733
32087,33.657
32088,33.315
32089,32.579
32090,32.093
32091,31.413
32092,30.931
32093,30.284
32094,29.762
32095,29.269
32096,28.425
32097,28.047
32098,27.778
32099,27.783
32100,27.413
32101,27.387
32102,27.311
32103,27.357
32104,27.352
32105,27.28
32106,26.964
32107,26.949
32108,26.944
32109,26.775
32110,26.611
32111,26.729
32112,26.683
32113,26.667
32114,26.58
32115,26.509
32116,26.498
32117,26.36
32118,26.329
32119,26.169
32120,26.257
32121,26.324
32122,26.185
32123,26.169
32124,26.262
32125,26.164
32126,26.175
32127,26.2
32128,26.128
32129,26.185
32130,26.123
32131,26.144
32132,26.092
32133,26.118
32134,26.041
32135,26.036
32136,26.169
32137,26.046
32138,25.902
32139,25.989
32140,26.0
32141,25.963
32142,25.979
32143,25.948
32144,25.938
32145,25.896
32146,26.0
32147,25.855
32148,25.865
32149,25.85
32150,25.922
32151,25.902
32152,25.958
32153,25.855
32154,25.974
32155,26.046
32156,25.84
32157,25.979
32158,25.912
32159,25.855
32160,26.164
32161,26.087
32162,26.257
32163,26.334
32164,26.437
32165,26.539
32166,26.621
32167,26.621
32168,26.698
32169,26.591
32170,26.831
32171,26.867
32172,26.877
32173,26.954
32174,26.893
32175,26.99
32176,27.046
32177,27.321
32178,27.26
32179,27.341
32180,27.545
32181,27.687
32182,27.753
32183,27.996
32184,27.976
32185,28.148
32186,28.193
32187,28.314
32188,28.511
32189,28.632
32190,28.903
32191,28.978
32192,29.194
32193,29.354
32194,29.688
32195,29.882
32196,30.175
32197,30.556
32198,30.778
32199,31.364
32200,31.854
32201,32.637
32202,33.01
32203,33.286
32204,33.483
32205,33.973
32206,34.055
32207,34.041
32208,33.983
32209,34.026
32210,33.911
32211,33.7
32212,33.657
32213,33.652
32214,33.488
32215,33.426
32216,33.454
32217,33.262
32218,33.083
32219,33.184
32220,33.237
32221,33.194
32222,33.165
32223,32.909
32224,32.904
32225,32.633
32226,32.676
32227,32.802
32228,32.928
32229,32.715
32230,32.705
32231,32.841
32232,32.676
32233,32.986
32234,33.035
32235,32.773
32236,32.788
32237,32.822
32238,32.754
32239,33.059
32240,33.271
32241,32.962
32242,33.18
32243,33.16
32244,33.426
32245,33.748
32246,34.045
32247,34.28
32248,33.392
32249,32.807
32250,32.18
32251,31.785
32252,31.094
32253,30.284
32254,29.493
32255,28.828
32256,28.486
32257,28.072
32258,27.804
32259,27.753
32260,27.611
32261,27.397
32262,27.433
32263,27.27
32264,27.199
32265,27.127
32266,27.01
32267,26.841
32268,26.857
32269,26.739
32270,26.806
32271,26.713
32272,26.539
32273,26.667
32274,26.524
32275,26.462
32276,26.432
32277,26.432
32278,26.36
32279,26.2
32280,26.211
32281,26.169
32282,26.154
32283,26.283
32284,26.211
32285,26.303
32286,26.185
32287,26.149
32288,26.0
32289,26.159
32290,26.108
32291,26.139
32292,26.061
32293,26.02
32294,26.077
32295,26.005
32296,25.953
32297,25.881
32298,25.989
32299,25.938
32300,26.015
32301,26.0
32302,25.917
32303,25.881
32304,25.902
32305,25.912
32306,25.912
32307,25.793
32308,25.845
32309,25.721
32310,25.865
32311,25.963
32312,25.803
32313,25.886
32314,25.865
32315,25.974
32316,25.917
32317,25.886
32318,25.829
32319,25.953
32320,26.195
32321,26.262
32322,26.272
32323,26.375
32324,26.324
32325,26.401
32326,26.447
32327,26.606
32328,26.56
32329,26.632
32330,26.729
32331,26.749
32332,26.775
32333,26.959
32334,26.918
32335,27.056
32336,27.163
32337,27.209
32338,27.352
32339,27.448
32340,27.626
32341,27.54
32342,27.839
32343,27.925
32344,28.127
32345,28.143
32346,28.264
32347,28.496
32348,28.667
32349,28.838
32350,28.838
32351,29.083
32352,29.168
32353,29.289
32354,29.628
32355,29.822
32356,30.19
32357,30.462
32358,30.818
32359,31.334
32360,31.961
32361,32.686
32362,33.204
32363,33.459
32364,33.642
32365,33.767
32366,34.026
32367,34.103
32368,34.074
32369,34.165
32370,34.084
32371,34.007
32372,33.767
32373,33.594
32374,33.58
32375,33.604
32376,33.377
32377,33.507
32378,33.276
32379,33.237
32380,33.097
32381,33.305
32382,33.189
32383,33.131
32384,32.856
32385,32.749
32386,33.068
32387,33.068
32388,33.189
32389,32.865
32390,33.02
32391,32.899
32392,32.831
32393,33.054
32394,32.856
32395,32.933
32396,32.739
32397,32.967
32398,33.155
32399,33.315
32400,33.377
32401,33.295
32402,33.17
32403,33.498
32404,33.743
32405,34.041
32406,34.309
32407,34.069
32408,33.661
32409,32.836
32410,32.141
32411,31.58
32412,30.926
32413,30.2
32414,29.204
32415,28.501
32416,28.193
32417,27.976
32418,27.697
32419,27.601
32420,27.494
32421,27.504
32422,27.392
32423,27.24
32424,27.127
32425,27.158
32426,26.882
32427,26.77
32428,26.739
32429,26.754
32430,26.739
32431,26.749
32432,26.575
32433,26.652
32434,26.539
32435,26.401
32436,26.303
32437,26.406
32438,26.257
32439,26.252
32440,26.416
32441,26.303
32442,26.18
32443,26.097
32444,26.092
32445,26.077
32446,26.216
32447,26.313
32448,26.036
32449,26.169
32450,26.087
32451,26.072
32452,26.005
32453,26.092
32454,26.041
32455,25.979
32456,26.061
32457,26.03
32458,26.036
32459,25.896
32460,26.087
32461,25.876
32462,25.943
32463,25.871
32464,25.865
32465,25.881
32466,25.963
32467,25.736
32468,25.716
32469,25.721
32470,25.902
32471,25.948
32472,25.953
32473,25.932
32474,25.907
32475,25.974
32476,25.84
32477,25.855
32478,25.994
32479,25.896
32480,26.149
32481,26.01
32482,26.324
32483,26.396
32484,26.503
32485,26.421
32486,26.591
32487,26.432
32488,26.442
32489,26.729
32490,26.708
32491,26.719
32492,26.806
32493,26.775
32494,26.918
32495,26.867
32496,26.939
32497,27.194
32498,27.408
32499,27.443
32500,27.499
32501,27.646
32502,27.844
32503,27.88
32504,28.011
32505,28.107
32506,28.218
32507,28.329
32508,28.536
32509,28.632
32510,28.802
32511,28.858
32512,29.194
32513,29.383
32514,29.618
32515,29.797
32516,30.056
32517,30.512
32518,30.788
32519,31.3
32520,31.863
32521,32.744
32522,33.483
32523,33.729
32524,33.868
32525,33.892
32526,34.041
32527,34.127
32528,34.065
32529,34.184
32530,34.213
32531,34.103
32532,34.16
32533,33.786
32534,33.685
32535,33.647
32536,33.541
32537,33.685
32538,33.223
32539,33.199
32540,33.073
32541,33.324
32542,33.204
32543,33.218
32544,33.078
32545,33.064
32546,33.223
32547,33.213
32548,33.295
32549,33.242
32550,33.348
32551,33.136
32552,33.054
32553,33.039
32554,33.073
32555,32.87
32556,32.846
32557,33.208
32558,33.348
32559,33.584
32560,33.618
32561,33.45
32562,33.522
32563,33.44
32564,34.146
32565,34.781
32566,34.036
32567,33.623
32568,33.204
32569,32.574
32570,31.976
32571,31.344
32572,30.62
32573,30.016
32574,29.219
32575,28.511
32576,28.173
32577,28.077
32578,27.95
32579,27.753
32580,27.601
32581,27.479
32582,27.331
32583,27.265
32584,27.132
32585,27.138
32586,26.78
32587,26.775
32588,26.811
32589,26.744
32590,26.611
32591,26.744
32592,26.596
32593,26.55
32594,26.693
32595,26.442
32596,26.503
32597,26.426
32598,26.349
32599,26.211
32600,26.236
32601,26.159
32602,26.18
32603,26.092
32604,26.154
32605,26.144
32606,26.205
32607,26.139
32608,26.005
32609,26.149
32610,26.103
32611,26.056
32612,26.092
32613,26.036
32614,26.087
32615,25.948
32616,26.041
32617,26.097
32618,25.969
32619,25.927
32620,26.015
32621,25.974
32622,25.902
32623,25.819
32624,25.886
32625,26.051
32626,25.871
32627,25.891
32628,25.772
32629,25.907
32630,25.938
32631,25.927
32632,25.912
32633,25.912
32634,25.907
32635,25.896
32636,25.969
32637,25.865
32638,25.958
32639,25.886
32640,26.123
32641,26.216
32642,26.467
32643,26.442
32644,26.355
32645,26.355
32646,26.416
32647,26.575
32648,26.57
32649,26.642
32650,26.703
32651,26.765
32652,26.969
32653,26.729
32654,26.867
32655,26.857
32656,26.918
32657,27.214
32658,27.189
32659,27.357
32660,27.458
32661,27.596
32662,27.895
32663,27.895
32664,27.95
32665,28.087
32666,28.178
32667,28.304
32668,28.455
32669,28.622
32670,28.928
32671,28.998
32672,29.188
32673,29.443
32674,29.673
32675,29.832
32676,29.956
32677,30.447
32678,30.734
32679,31.32
32680,31.917
32681,32.768
32682,33.498
32683,34.055
32684,34.146
32685,34.151
32686,34.223
32687,34.27
32688,34.538
32689,34.304
32690,34.299
32691,34.371
32692,34.438
32693,33.873
32694,33.757
32695,33.705
32696,33.729
32697,33.849
32698,33.372
32699,33.397
32700,33.257
32701,33.175
32702,33.064
32703,33.213
32704,33.286
32705,33.348
32706,33.411
32707,33.56
32708,33.531
32709,33.353
32710,33.315
32711,33.3
32712,33.271
32713,33.126
32714,33.421
32715,32.977
32716,33.155
32717,33.372
32718,33.319
32719,33.844
32720,33.575
32721,33.45
32722,33.777
32723,34.409
32724,34.547
32725,34.776
32726,33.642
32727,33.006
32728,32.73
32729,32.346
32730,31.614
32731,30.99
32732,30.239
32733,29.418
32734,28.983
32735,28.491
32736,28.148
32737,28.047
32738,27.95
32739,27.677
32740,27.555
32741,27.372
32742,27.311
32743,27.234
32744,27.107
32745,27.117
32746,26.806
32747,26.775
32748,26.826
32749,26.739
32750,26.821
32751,26.637
32752,26.596
32753,26.637
32754,26.514
32755,26.473
32756,26.411
32757,26.277
32758,26.509
32759,26.267
32760,26.18
32761,26.154
32762,26.236
32763,26.164
32764,26.226
32765,26.247
32766,26.113
32767,26.139
32768,26.159
32769,26.159
32770,26.077
32771,26.056
32772,26.036
32773,25.984
32774,26.005
32775,25.953
32776,26.01
32777,25.958
32778,26.036
32779,25.798
32780,26.0
32781,25.871
32782,25.953
32783,26.103
32784,25.984
32785,25.922
32786,25.896
32787,25.974
32788,25.907
32789,25.886
32790,25.969
32791,25.871
32792,25.943
32793,26.015
32794,26.072
32795,25.819
32796,25.943
32797,25.994
32798,25.989
32799,25.907
32800,26.216
32801,26.277
32802,26.257
32803,26.205
32804,26.473
32805,26.385
32806,26.401
32807,26.529
32808,26.616
32809,26.616
32810,26.698
32811,26.693
32812,26.719
32813,26.724
32814,26.795
32815,26.806
32816,26.908
32817,27.138
32818,27.194
32819,27.352
32820,27.443
32821,27.575
32822,27.575
32823,27.885
32824,27.91
32825,28.011
32826,28.031
32827,28.38
32828,28.395
32829,28.617
32830,28.782
32831,29.058
32832,29.209
32833,29.214
32834,29.578
32835,29.603
32836,29.822
32837,30.125
32838,30.541
32839,31.197
32840,31.907
32841,32.793
32842,33.372
32843,34.036
32844,34.514
32845,34.462
32846,34.38
32847,34.471
32848,34.519
32849,34.7
32850,34.624
32851,34.576
32852,34.404
32853,34.127
32854,34.012
32855,33.926
32856,33.661
32857,33.551
32858,33.387
32859,33.252
32860,32.909
32861,33.03
32862,33.305
32863,33.339
32864,33.18
32865,33.397
32866,33.435
32867,33.546
32868,33.551
32869,33.295
32870,33.435
32871,33.233
32872,33.175
32873,33.271
32874,33.233
32875,33.218
32876,33.204
32877,33.44
32878,33.459
32879,33.825
32880,33.676
32881,33.556
32882,33.724
32883,34.213
32884,33.969
32885,34.179
32886,33.401
32887,32.754
32888,32.044
32889,31.624
32890,30.98
32891,30.467
32892,29.802
32893,29.143
32894,28.601
32895,28.218
32896,28.153
32897,27.996
32898,27.753
32899,27.535
32900,27.29
32901,27.173
32902,27.28
32903,27.097
32904,27.102
32905,26.918
32906,26.785
32907,26.744
32908,26.775
32909,26.8
32910,26.79
32911,26.734
32912,26.606
32913,26.58
32914,26.524
32915,26.534
32916,26.365
32917,26.385
32918,26.247
32919,26.355
32920,26.236
32921,26.164
32922,26.154
32923,26.216
32924,26.2
32925,26.061
32926,26.18
32927,26.144
32928,26.175
32929,26.2
32930,26.056
32931,26.066
32932,26.128
32933,26.056
32934,26.144
32935,26.005
32936,25.989
32937,26.005
32938,26.051
32939,25.963
32940,26.01
32941,25.902
32942,26.0
32943,26.046
32944,26.113
32945,25.902
32946,25.989
32947,25.974
32948,25.958
32949,25.891
32950,25.767
32951,25.912
32952,25.989
32953,25.953
32954,25.974
32955,25.938
32956,25.979
32957,25.891
32958,25.886
32959,25.824
32960,26.195
32961,26.19
32962,26.236
32963,26.226
32964,26.185
32965,26.308
32966,26.514
32967,26.411
32968,26.534
32969,26.555
32970,26.601
32971,26.734
32972,26.662
32973,26.749
32974,26.775
32975,26.765
32976,26.939
32977,27.189
32978,27.132
32979,27.413
32980,27.438
32981,27.377
32982,27.382
32983,27.662
32984,27.864
32985,27.875
32986,28.052
32987,28.193
32988,28.274
32989,28.491
32990,28.617
32991,28.893
32992,29.188
32993,29.289
32994,29.523
32995,29.523
32996,29.912
32997,30.145
32998,30.418
32999,31.04
33000,31.692
33001,32.599
33002,33.315
33003,34.069
33004,34.719
33005,34.938
33006,34.7
33007,34.657
33008,34.743
33009,34.881
33010,34.714
33011,34.366
33012,34.557
33013,34.266
33014,34.342
33015,34.16
33016,33.93
33017,33.594
33018,33.594
33019,33.324
33020,33.073
33021,33.194
33022,33.353
33023,33.474
33024,33.368
33025,33.426
33026,33.445
33027,33.522
33028,33.319
33029,33.546
33030,33.498
33031,33.397
33032,32.822
33033,33.228
33034,33.218
33035,33.122
33036,33.411
33037,33.218
33038,33.642
33039,33.854
33040,34.026
33041,34.065
33042,34.419
33043,34.146
33044,33.82
33045,33.541
33046,32.977
33047,32.526
33048,31.629
33049,31.054
33050,30.502
33051,30.15
33052,29.393
33053,28.787
33054,28.491
33055,28.178
33056,28.067
33057,27.799
33058,27.545
33059,27.463
33060,27.265
33061,27.229
33062,27.173
33063,27.107
33064,26.995
33065,26.903
33066,26.847
33067,26.811
33068,26.79
33069,26.744
33070,26.657
33071,26.57
33072,26.55
33073,26.539
33074,26.421
33075,26.442
33076,26.231
33077,26.385
33078,26.349
33079,26.231
33080,26.082
33081,26.185
33082,26.041
33083,26.077
33084,26.159
33085,26.154
33086,26.077
33087,26.03
33088,26.097
33089,26.041
33090,26.123
33091,26.041
33092,25.927
33093,26.113
33094,25.963
33095,25.85
33096,25.953
33097,25.927
33098,25.896
33099,25.943
33100,25.814
33101,25.979
33102,26.0
33103,25.932
33104,25.953
33105,26.056
33106,26.077
33107,26.02
33108,25.984
33109,25.902
33110,25.902
33111,25.891
33112,25.922
33113,25.824
33114,25.948
33115,25.84
33116,25.922
33117,25.845
33118,25.932
33119,26.154
33120,26.154
33121,26.154
33122,26.241
33123,26.226
33124,26.211
33125,26.349
33126,26.355
33127,26.334
33128,26.652
33129,26.683
33130,26.616
33131,26.621
33132,26.744
33133,26.76
33134,26.816
33135,26.765
33136,26.887
33137,27.015
33138,27.173
33139,27.173
33140,27.372
33141,27.382
33142,27.448
33143,27.662
33144,27.824
33145,27.875
33146,28.107
33147,28.011
33148,28.309
33149,28.465
33150,28.617
33151,28.792
33152,29.209
33153,29.168
33154,29.408
33155,29.583
33156,29.822
33157,30.016
33158,30.408
33159,30.936
33160,31.731
33161,32.628
33162,33.213
33163,33.973
33164,34.71
33165,35.1
33166,34.99
33167,34.924
33168,34.886
33169,34.89
33170,34.871
33171,34.671
33172,34.614
33173,34.356
33174,34.261
33175,34.251
33176,34.184
33177,33.786
33178,33.657
33179,33.401
33180,33.175
33181,33.353
33182,33.43
33183,33.633
33184,33.57
33185,33.445
33186,33.401
33187,33.478
33188,33.392
33189,33.738
33190,33.503
33191,33.117
33192,32.928
33193,33.146
33194,33.271
33195,33.223
33196,33.3
33197,33.623
33198,33.959
33199,33.911
33200,34.093
33201,34.16
33202,34.103
33203,33.969
33204,34.199
33205,33.594
33206,32.885
33207,31.902
33208,31.334
33209,30.926
33210,30.225
33211,29.688
33212,29.123
33213,28.682
33214,28.299
33215,28.127
33216,27.809
33217,27.692
33218,27.636
33219,27.382
33220,27.301
33221,27.26
33222,27.245
33223,27.183
33224,26.913
33225,27.071
33226,26.887
33227,26.928
33228,26.78
33229,26.642
33230,26.754
33231,26.462
33232,26.616
33233,26.478
33234,26.36
33235,26.375
33236,26.411
33237,26.221
33238,26.308
33239,26.175
33240,26.2
33241,26.128
33242,26.205
33243,26.118
33244,26.19
33245,26.149
33246,26.108
33247,26.025
33248,25.953
33249,25.912
33250,25.963
33251,26.082
33252,25.917
33253,26.01
33254,25.886
33255,25.948
33256,25.876
33257,25.886
33258,25.989
33259,25.984
33260,25.969
33261,25.834
33262,25.953
33263,25.907
33264,25.938
33265,25.886
33266,25.958
33267,25.953
33268,25.963
33269,25.927
33270,25.932
33271,25.896
33272,25.953
33273,25.912
33274,25.855
33275,25.953
33276,25.86
33277,25.907
33278,25.896
33279,25.912
33280,26.128
33281,26.185
33282,26.267
33283,26.128
33284,26.226
33285,26.38
33286,26.437
33287,26.319
33288,26.467
33289,26.467
33290,26.621
33291,26.652
33292,26.744
33293,26.662
33294,26.775
33295,26.847
33296,26.882
33297,26.847
33298,27.148
33299,27.173
33300,27.306
33301,27.428
33302,27.504
33303,27.585
33304,27.966
33305,27.895
33306,27.961
33307,28.067
33308,28.294
33309,28.632
33310,28.767
33311,28.908
33312,29.138
33313,29.088
33314,29.413
33315,29.543
33316,29.728
33317,30.115
33318,30.462
33319,30.749
33320,31.545
33321,32.39
33322,33.281
33323,34.079
33324,34.691
33325,35.27
33326,35.242
33327,35.204
33328,35.199
33329,34.933
33330,34.986
33331,34.733
33332,34.605
33333,34.409
33334,34.59
33335,34.414
33336,34.285
33337,33.743
33338,33.623
33339,33.637
33340,33.488
33341,33.541
33342,33.512
33343,33.748
33344,33.469
33345,33.469
33346,33.493
33347,33.454
33348,33.488
33349,33.921
33350,33.377
33351,32.904
33352,33.093
33353,33.324
33354,33.397
33355,33.213
33356,33.536
33357,33.767
33358,34.136
33359,34.127
33360,34.026
33361,34.352
33362,34.428
33363,34.528
33364,34.619
33365,33.551
33366,32.492
33367,31.77
33368,30.956
33369,30.635
33370,30.225
33371,29.588
33372,28.993
33373,28.516
33374,28.102
33375,27.915
33376,27.712
33377,27.702
33378,27.504
33379,27.326
33380,27.321
33381,27.275
33382,27.097
33383,27.148
33384,26.979
33385,27.056
33386,26.964
33387,26.744
33388,26.893
33389,26.637
33390,26.729
33391,26.616
33392,26.498
33393,26.385
33394,26.385
33395,26.355
33396,26.355
33397,26.375
33398,26.355
33399,26.19
33400,26.2
33401,26.097
33402,26.092
33403,26.092
33404,26.118
33405,26.077
33406,26.082
33407,26.144
33408,25.958
33409,25.953
33410,25.948
33411,25.994
33412,25.994
33413,26.015
33414,26.03
33415,25.912
33416,25.912
33417,25.953
33418,25.953
33419,25.86
33420,25.974
33421,25.958
33422,25.917
33423,25.876
33424,25.85
33425,25.886
33426,25.85
33427,25.871
33428,25.927
33429,25.958
33430,25.974
33431,25.948
33432,25.902
33433,25.907
33434,25.896
33435,25.86
33436,25.876
33437,25.927
33438,25.917
33439,25.917
33440,26.211
33441,26.149
33442,26.082
33443,26.077
33444,26.144
33445,26.298
33446,26.375
33447,26.385
33448,26.432
33449,26.478
33450,26.667
33451,26.621
33452,26.657
33453,26.739
33454,26.667
33455,26.744
33456,26.79
33457,26.811
33458,27.127
33459,27.183
33460,27.265
33461,27.321
33462,27.397
33463,27.433
33464,27.667
33465,27.971
33466,28.047
33467,28.143
33468,28.339
33469,28.46
33470,28.546
33471,28.767
33472,28.993
33473,28.963
33474,29.224
33475,29.403
33476,29.758
33477,30.105
33478,30.517
33479,30.793
33480,31.379
33481,32.249
33482,33.126
33483,33.844
33484,34.595
33485,35.195
33486,35.592
33487,35.432
33488,35.28
33489,35.081
33490,35.085
33491,35.071
33492,34.671
33493,34.762
33494,34.772
33495,34.619
33496,34.232
33497,33.945
33498,33.949
33499,33.661
33500,33.762
33501,33.527
33502,33.507
33503,33.681
33504,33.411
33505,33.681
33506,33.45
33507,33.266
33508,33.397
33509,33.676
33510,33.262
33511,33.165
33512,33.329
33513,33.363
33514,33.382
33515,33.31
33516,33.666
33517,33.978
33518,34.428
33519,34.38
33520,34.275
33521,34.543
33522,34.81
33523,34.643
33524,34.246
33525,33.208
33526,32.268
33527,31.452
33528,30.808
33529,30.492
33530,29.872
33531,29.354
33532,28.617
33533,28.355
33534,28.259
33535,27.895
33536,27.768
33537,27.585
33538,27.372
33539,27.357
33540,27.245
33541,27.097
33542,27.219
33543,27.056
33544,27.056
33545,26.882
33546,26.954
33547,26.857
33548,26.744
33549,26.534
33550,26.509
33551,26.478
33552,26.339
33553,26.38
33554,26.421
33555,26.401
33556,26.283
33557,26.37
33558,26.236
33559,26.252
33560,26.149
33561,26.03
33562,26.133
33563,26.025
33564,26.046
33565,25.984
33566,26.077
33567,26.061
33568,26.03
33569,25.979
33570,26.097
33571,25.989
33572,26.01
33573,25.989
33574,26.03
33575,25.907
33576,25.855
33577,25.902
33578,25.855
33579,25.979
33580,25.963
33581,25.948
33582,25.772
33583,25.912
33584,25.762
33585,25.938
33586,25.855
33587,25.938
33588,25.902
33589,25.922
33590,25.902
33591,25.979
33592,25.969
33593,26.01
33594,25.969
33595,25.922
33596,25.902
33597,25.912
33598,25.927
33599,25.943
33600,26.051
33601,26.123
33602,26.231
33603,26.185
33604,26.18
33605,26.298
33606,26.329
33607,26.272
33608,26.298
33609,26.37
33610,26.483
33611,26.488
33612,26.657
33613,26.637
33614,26.775
33615,26.749
33616,26.734
33617,26.857
33618,27.02
33619,27.005
33620,27.199
33621,27.367
33622,27.387
33623,27.433
33624,27.606
33625,27.667
33626,27.976
33627,28.117
33628,28.269
33629,28.365
33630,28.46
33631,28.496
33632,28.873
33633,29.013
33634,29.438
33635,29.548
33636,29.753
33637,30.061
33638,30.428
33639,30.788
33640,31.344
33641,32.141
33642,32.914
33643,33.695
33644,34.49
33645,35.512
33646,35.805
33647,35.649
33648,35.54
33649,35.398
33650,35.28
33651,35.299
33652,35.043
33653,34.995
33654,35.0
33655,34.733
33656,34.352
33657,34.28
33658,33.839
33659,33.945
33660,33.714
33661,33.44
33662,33.531
33663,33.546
33664,33.608
33665,33.623
33666,33.233
33667,33.262
33668,33.421
33669,33.45
33670,33.426
33671,33.324
33672,33.565
33673,33.469
33674,33.426
33675,33.488
33676,33.954
33677,34.318
33678,34.705
33679,34.638
33680,34.189
33681,34.543
33682,34.671
33683,33.916
33684,33.382
33685,32.856
33686,32.0
33687,31.236
33688,30.754
33689,30.2
33690,29.503
33691,29.018
33692,28.657
33693,28.294
33694,28.026
33695,27.793
33696,27.738
33697,27.626
33698,27.25
33699,27.341
33700,27.29
33701,27.316
33702,27.194
33703,27.041
33704,27.005
33705,26.995
33706,26.78
33707,26.775
33708,26.79
33709,26.591
33710,26.514
33711,26.493
33712,26.442
33713,26.396
33714,26.365
33715,26.385
33716,26.324
33717,26.288
33718,26.164
33719,26.2
33720,26.195
33721,26.113
33722,26.211
33723,26.03
33724,26.046
33725,26.092
33726,26.087
33727,26.046
33728,25.989
33729,25.984
33730,25.969
33731,26.077
33732,26.087
33733,25.876
33734,25.969
33735,25.917
33736,25.953
33737,25.902
33738,25.963
33739,25.994
33740,26.01
33741,25.907
33742,25.772
33743,25.705
33744,25.948
33745,25.736
33746,25.912
33747,25.948
33748,25.917
33749,25.969
33750,25.963
33751,25.932
33752,25.932
33753,25.927
33754,25.953
33755,25.932
33756,25.85
33757,25.932
33758,25.917
33759,26.056
33760,26.046
33761,26.103
33762,26.082
33763,26.185
33764,26.288
33765,26.159
33766,26.226
33767,26.077
33768,26.293
33769,26.272
33770,26.529
33771,26.503
33772,26.503
33773,26.673
33774,26.785
33775,26.734
33776,26.811
33777,27.076
33778,26.99
33779,27.127
33780,27.311
33781,27.209
33782,27.265
33783,27.519
33784,27.636
33785,27.677
33786,27.976
33787,28.097
33788,28.228
33789,28.259
33790,28.41
33791,28.521
33792,28.767
33793,29.048
33794,29.388
33795,29.548
33796,29.708
33797,30.071
33798,30.368
33799,30.744
33800,31.236
33801,31.868
33802,32.778
33803,33.546
33804,34.5
33805,35.748
33806,35.88
33807,35.833
33808,35.597
33809,35.531
33810,35.337
33811,35.299
33812,35.104
33813,34.881
33814,34.881
33815,34.595
33816,34.385
33817,34.309
33818,33.978
33819,33.988
33820,33.695
33821,33.589
33822,33.551
33823,33.541
33824,33.565
33825,33.536
33826,33.411
33827,33.368
33828,33.295
33829,33.45
33830,33.594
33831,33.551
33832,33.695
33833,33.637
33834,33.522
33835,33.83
33836,34.146
33837,34.495
33838,34.952
33839,34.843
33840,34.895
33841,34.819
33842,34.203
33843,33.397
33844,32.628
33845,32.2
33846,31.736
33847,31.3
33848,30.818
33849,30.051
33850,29.148
33851,28.818
33852,28.591
33853,28.183
33854,27.869
33855,27.596
33856,27.616
33857,27.413
33858,27.372
33859,27.372
33860,27.24
33861,27.143
33862,27.183
33863,27.025
33864,26.954
33865,26.826
33866,26.734
33867,26.673
33868,26.744
33869,26.539
33870,26.632
33871,26.39
33872,26.488
33873,26.406
33874,26.483
33875,26.324
33876,26.308
33877,26.185
33878,26.211
33879,26.247
33880,26.216
33881,26.036
33882,26.087
33883,26.036
33884,26.149
33885,26.097
33886,26.164
33887,26.159
33888,26.128
33889,25.979
33890,25.963
33891,25.969
33892,25.979
33893,26.036
33894,25.994
33895,25.865
33896,26.056
33897,25.932
33898,25.927
33899,25.834
33900,26.02
33901,25.927
33902,25.948
33903,25.948
33904,25.871
33905,25.922
33906,25.871
33907,26.01
33908,26.005
33909,25.958
33910,25.974
33911,26.2
33912,26.03
33913,25.938
33914,25.762
33915,25.829
33916,25.912
33917,25.902
33918,25.865
33919,25.865
33920,26.036
33921,26.097
33922,26.164
33923,26.103
33924,26.231
33925,26.349
33926,26.298
33927,26.139
33928,26.365
33929,26.493
33930,26.467
33931,26.575
33932,26.585
33933,26.601
33934,26.509
33935,26.734
33936,26.739
33937,26.969
33938,27.087
33939,27.102
33940,27.122
33941,27.158
33942,27.168
33943,27.514
33944,27.656
33945,27.702
33946,27.95
33947,27.961
33948,28.117
33949,28.138
33950,28.249
33951,28.39
33952,28.737
33953,29.033
33954,29.259
33955,29.359
33956,29.563
33957,30.056
33958,30.363
33959,30.611
33960,30.995
33961,31.599
33962,32.424
33963,33.363
33964,34.385
33965,35.503
33966,35.791
33967,35.885
33968,35.81
33969,35.545
33970,35.493
33971,35.365
33972,35.176
33973,35.19
33974,34.886
33975,34.356
33976,34.299
33977,34.246
33978,34.256
33979,33.834
33980,33.786
33981,33.786
33982,33.594
33983,33.671
33984,33.806
33985,33.594
33986,33.531
33987,33.637
33988,33.445
33989,33.724
33990,33.777
33991,33.604
33992,33.69
33993,33.81
33994,33.964
33995,34.227
33996,34.466
33997,34.867
33998,34.933
33999,35.057
34000,35.047
34001,34.648
34002,33.777
34003,32.86
34004,32.283
34005,32.078
34006,31.873
34007,31.447
34008,30.66
34009,29.897
34010,29.073
34011,28.521
34012,28.43
34013,28.072
34014,27.799
34015,27.53
34016,27.504
34017,27.387
34018,27.341
34019,27.092
34020,27.143
34021,27.051
34022,27.02
34023,26.949
34024,26.887
34025,26.708
34026,26.765
34027,26.673
34028,26.744
34029,26.575
34030,26.657
34031,26.509
34032,26.421
34033,26.416
34034,26.406
34035,26.324
34036,26.231
34037,26.226
34038,26.154
34039,26.03
34040,26.066
34041,26.154
34042,26.185
34043,26.2
34044,26.216
34045,26.149
34046,26.092
34047,26.133
34048,26.123
34049,26.164
34050,26.036
34051,26.175
34052,25.979
34053,26.046
34054,25.969
34055,26.072
34056,26.015
34057,26.015
34058,25.974
34059,26.051
34060,26.015
34061,25.922
34062,25.984
34063,25.979
34064,25.958
34065,25.896
34066,26.005
34067,25.917
34068,26.087
34069,26.005
34070,26.092
34071,26.092
34072,25.979
34073,25.979
34074,25.969
34075,26.01
34076,26.005
34077,25.886
34078,26.041
34079,25.907
34080,25.948
34081,26.03
34082,26.005
34083,26.164
34084,26.2
34085,26.144
34086,26.18
34087,26.205
34088,26.344
34089,26.442
34090,26.452
34091,26.483
34092,26.462
34093,26.493
34094,26.539
34095,26.606
34096,26.775
34097,26.898
34098,27.041
34099,27.046
34100,27.015
34101,27.234
34102,27.132
34103,27.448
34104,27.494
34105,27.697
34106,27.864
34107,28.006
34108,27.981
34109,28.042
34110,28.203
34111,28.304
34112,28.546
34113,28.732
34114,29.204
34115,29.324
34116,29.553
34117,29.877
34118,30.22
34119,30.522
34120,30.862
34121,31.354
34122,32.156
34123,33.18
34124,34.328
34125,35.351
34126,35.814
34127,35.744
34128,35.687
34129,35.507
34130,35.498
34131,35.555
34132,35.299
34133,35.318
34134,34.895
34135,34.246
34136,34.242
34137,34.208
34138,33.964
34139,33.825
34140,33.623
34141,33.685
34142,33.56
34143,33.57
34144,33.613
34145,33.56
34146,33.633
34147,33.854
34148,33.628
34149,33.729
34150,33.685
34151,33.729
34152,33.978
34153,34.007
34154,34.122
34155,34.356
34156,34.833
34157,35.09
34158,34.795
34159,34.814
34160,34.733
34161,34.251
34162,33.353
34163,32.812
34164,32.492
34165,32.307
34166,32.151
34167,31.344
34168,30.447
34169,29.403
34170,28.732
34171,28.365
34172,28.173
34173,27.92
34174,27.662
34175,27.616
34176,27.448
34177,27.321
34178,27.311
34179,27.143
34180,27.148
34181,27.005
34182,26.928
34183,26.831
34184,26.77
34185,26.632
34186,26.519
34187,26.652
34188,26.632
34189,26.555
34190,26.452
34191,26.39
34192,26.298
34193,26.252
34194,26.241
34195,26.324
34196,26.175
34197,26.159
34198,26.185
34199,26.144
34200,26.015
34201,26.144
34202,26.133
34203,26.175
34204,26.087
34205,26.226
34206,26.19
34207,26.118
34208,26.041
34209,25.974
34210,26.123
34211,25.922
34212,25.979
34213,25.876
34214,26.03
34215,26.03
34216,25.969
34217,25.958
34218,25.963
34219,26.015
34220,26.066
34221,25.969
34222,25.948
34223,26.025
34224,25.922
34225,25.989
34226,25.876
34227,26.051
34228,25.974
34229,25.969
34230,25.896
34231,25.974
34232,25.943
34233,25.932
34234,25.963
34235,25.938
34236,26.01
34237,25.902
34238,25.994
34239,25.896
34240,25.907
34241,25.927
34242,26.0
34243,26.01
34244,26.061
34245,26.082
34246,26.149
34247,26.123
34248,26.349
34249,26.319
34250,26.524
34251,26.447
34252,26.39
34253,26.339
34254,26.396
34255,26.534
34256,26.693
34257,26.734
34258,26.898
34259,27.01
34260,26.954
34261,27.102
34262,27.127
34263,27.382
34264,27.372
34265,27.585
34266,27.753
34267,27.809
34268,27.935
34269,28.158
34270,28.213
34271,28.365
34272,28.526
34273,28.617
34274,28.863
34275,29.264
34276,29.513
34277,29.802
34278,30.13
34279,30.581
34280,30.759
34281,31.084
34282,31.707
34283,32.754
34284,33.834
34285,34.9
34286,35.185
34287,35.337
34288,35.493
34289,35.517
34290,35.531
34291,35.488
34292,35.559
34293,35.332
34294,35.081
34295,34.352
34296,34.041
34297,34.045
34298,34.002
34299,33.863
34300,33.767
34301,33.58
34302,33.661
34303,33.599
34304,33.661
34305,33.56
34306,33.676
34307,33.757
34308,33.531
34309,33.762
34310,33.762
34311,33.782
34312,34.256
34313,34.38
34314,34.38
34315,34.538
34316,34.895
34317,35.052
34318,34.843
34319,34.505
34320,34.495
34321,34.065
34322,33.551
34323,32.947
34324,32.754
34325,32.492
34326,31.912
34327,31.035
34328,29.857
34329,29.188
34330,28.662
34331,28.35
34332,28.036
34333,27.89
34334,27.677
34335,27.519
34336,27.53
34337,27.565
34338,27.214
34339,27.219
34340,27.194
34341,27.025
34342,26.944
34343,26.882
34344,26.657
34345,26.621
34346,26.544
34347,26.632
34348,26.596
34349,26.57
34350,26.57
34351,26.37
34352,26.257
34353,26.231
34354,26.205
34355,26.267
34356,26.149
34357,26.226
34358,26.175
34359,26.061
34360,26.077
34361,26.077
34362,26.092
34363,26.025
34364,26.097
34365,26.092
34366,25.984
34367,26.18
34368,26.046
34369,26.072
34370,26.03
34371,26.169
34372,25.974
34373,25.994
34374,26.061
34375,25.948
34376,25.922
34377,26.087
34378,25.907
34379,26.025
34380,25.974
34381,25.963
34382,26.015
34383,26.005
34384,25.994
34385,25.938
34386,26.0
34387,26.036
34388,26.0
34389,25.984
34390,26.025
34391,25.994
34392,25.922
34393,25.948
34394,25.927
34395,25.922
34396,26.015
34397,25.974
34398,25.922
34399,25.969
34400,25.927
34401,26.025
34402,25.932
34403,26.015
34404,26.092
34405,26.185
34406,26.277
34407,26.077
34408,26.123
34409,26.241
34410,26.319
34411,26.37
34412,26.385
34413,26.38
34414,26.329
34415,26.585
34416,26.565
34417,26.637
34418,26.703
34419,26.974
34420,27.025
34421,26.949
34422,27.087
34423,27.234
34424,27.362
34425,27.646
34426,27.971
34427,27.799
34428,27.9
34429,28.026
34430,28.036
34431,28.355
34432,28.4
34433,28.601
34434,28.908
34435,28.958
34436,29.284
34437,29.563
34438,29.947
34439,30.239
34440,30.522
34441,30.892
34442,31.54
34443,32.448
34444,33.363
34445,34.218
34446,34.876
34447,35.413
34448,35.592
34449,35.564
34450,35.531
34451,35.626
34452,35.696
34453,35.46
34454,34.9
34455,34.538
34456,34.242
34457,33.973
34458,33.954
34459,33.973
34460,33.7
34461,33.584
34462,33.671
34463,33.657
34464,33.628
34465,33.743
34466,33.623
34467,33.565
34468,33.498
34469,33.748
34470,33.983
34471,34.361
34472,34.495
34473,34.671
34474,34.648
34475,34.862
34476,34.933
34477,35.138
34478,34.819
34479,34.791
34480,34.967
34481,34.347
34482,33.604
34483,32.938
34484,32.822
34485,32.2
34486,31.501
34487,30.195
34488,29.239
34489,28.732
34490,28.37
34491,28.183
34492,28.031
34493,27.834
34494,27.692
34495,27.58
34496,27.331
34497,27.321
34498,27.199
34499,27.081
34500,27.036
34501,26.903
34502,26.79
34503,26.734
34504,26.637
34505,26.642
34506,26.529
34507,26.616
34508,26.509
34509,26.565
34510,26.421
34511,26.308
34512,26.046
34513,26.19
34514,26.236
34515,26.308
34516,26.18
34517,26.154
34518,26.139
34519,26.046
34520,26.056
34521,26.092
34522,25.974
34523,26.108
34524,26.061
34525,26.103
34526,26.077
34527,26.108
34528,26.041
34529,26.01
34530,26.051
34531,26.0
34532,25.809
34533,25.855
34534,25.994
34535,25.902
34536,25.979
34537,25.994
34538,25.907
34539,25.969
34540,25.922
34541,25.969
34542,25.953
34543,26.025
34544,25.948
34545,25.969
34546,26.02
34547,26.01
34548,25.953
34549,26.066
34550,25.938
34551,25.969
34552,26.005
34553,25.943
34554,25.912
34555,25.907
34556,25.886
34557,25.902
34558,25.865
34559,25.963
34560,25.896
34561,25.824
34562,25.958
34563,26.005
34564,26.005
34565,26.066
34566,26.18
34567,26.205
34568,26.19
34569,26.211
34570,26.241
34571,26.339
34572,26.293
34573,26.416
34574,26.534
34575,26.529
34576,26.55
34577,26.647
34578,26.708
34579,26.959
34580,27.005
34581,27.041
34582,27.148
34583,27.153
34584,27.209
34585,27.484
34586,27.499
34587,27.717
34588,27.809
34589,27.864
34590,28.133
34591,28.274
34592,28.46
34593,28.747
34594,28.903
34595,29.093
34596,29.378
34597,29.443
34598,29.772
34599,30.18
34600,30.353
34601,30.685
34602,31.177
34603,31.976
34604,32.996
34605,33.911
34606,34.752
34607,35.256
34608,35.446
34609,35.644
34610,35.583
34611,35.961
34612,36.06
34613,35.54
34614,34.905
34615,34.762
34616,34.481
34617,33.997
34618,33.983
34619,33.921
34620,33.507
34621,33.56
34622,33.589
34623,33.406
34624,33.392
34625,33.647
34626,33.604
34627,33.83
34628,33.647
34629,33.945
34630,34.16
34631,34.462
34632,34.643
34633,34.924
34634,34.962
34635,35.109
34636,35.138
34637,35.081
34638,35.166
34639,35.512
34640,35.218
34641,34.471
34642,33.863
34643,33.175
34644,32.754
34645,32.122
34646,31.182
34647,29.723
34648,28.948
34649,28.501
34650,28.153
34651,28.112
34652,27.996
34653,27.702
34654,27.611
34655,27.408
34656,27.27
34657,27.296
34658,27.117
34659,27.245
34660,26.995
34661,26.841
34662,26.729
34663,26.657
34664,26.601
34665,26.632
34666,26.519
34667,26.457
34668,26.514
34669,26.591
34670,26.37
34671,26.159
34672,26.283
34673,26.2
34674,26.118
34675,26.164
34676,26.123
34677,26.066
34678,26.118
34679,26.185
34680,26.097
34681,26.066
34682,26.108
34683,26.241
34684,26.103
34685,26.139
34686,26.066
34687,26.066
34688,25.958
34689,25.984
34690,26.005
34691,26.056
34692,26.03
34693,25.984
34694,26.041
34695,25.989
34696,25.969
34697,26.015
34698,26.139
34699,26.005
34700,25.927
34701,25.989
34702,25.979
34703,26.03
34704,25.979
34705,26.072
34706,25.994
34707,26.025
34708,26.072
34709,25.902
34710,25.932
34711,25.927
34712,25.974
34713,25.85
34714,25.953
34715,25.927
34716,25.896
34717,25.932
34718,25.932
34719,25.953
34720,25.876
34721,26.03
34722,25.969
34723,26.0
34724,25.886
34725,26.066
34726,25.927
34727,26.108
34728,26.066
34729,26.18
34730,26.221
34731,26.277
34732,26.221
34733,26.38
34734,26.529
34735,26.591
34736,26.601
34737,26.749
34738,26.734
34739,26.898
34740,27.066
34741,26.944
34742,27.224
34743,27.097
34744,27.209
34745,27.418
34746,27.433
34747,27.494
34748,27.611
34749,27.869
34750,27.986
34751,28.244
34752,28.365
34753,28.45
34754,28.742
34755,28.878
34756,29.219
34757,29.443
34758,29.693
34759,30.016
34760,30.403
34761,30.517
34762,31.158
34763,31.658
34764,32.414
34765,33.401
34766,34.333
34767,34.943
34768,35.289
34769,35.602
34770,35.654
34771,35.994
34772,36.055
34773,35.346
34774,34.776
34775,34.571
34776,34.132
34777,33.719
34778,33.652
34779,33.56
34780,33.382
34781,33.512
34782,33.401
34783,33.252
34784,33.647
34785,33.681
34786,33.685
34787,33.806
34788,33.551
34789,34.026
34790,34.208
34791,34.514
34792,34.8
34793,34.9
34794,34.952
34795,34.89
34796,35.1
34797,35.313
34798,35.626
34799,35.616
34800,34.9
34801,34.17
34802,33.503
34803,32.899
34804,32.346
34805,31.56
34806,30.408
34807,29.224
34808,28.541
34809,28.395
34810,28.107
34811,27.991
34812,27.91
34813,27.641
34814,27.489
34815,27.504
34816,27.219
34817,27.076
34818,27.255
34819,27.041
34820,27.046
34821,26.683
34822,26.662
34823,26.688
34824,26.498
34825,26.452
34826,26.457
34827,26.544
34828,26.591
34829,26.432
34830,26.401
34831,26.288
34832,26.205
34833,26.164
34834,26.252
34835,26.2
34836,26.2
34837,26.056
34838,26.226
34839,26.077
34840,25.994
34841,26.123
34842,26.051
34843,26.123
34844,26.113
34845,26.18
34846,26.092
34847,26.072
34848,25.886
34849,25.984
34850,25.927
34851,25.989
34852,25.922
34853,25.994
34854,25.989
34855,25.984
34856,25.984
34857,25.979
34858,25.902
34859,25.902
34860,25.881
34861,26.015
34862,25.958
34863,26.025
34864,25.943
34865,26.077
34866,26.041
34867,26.02
34868,25.948
34869,25.974
34870,25.989
34871,25.994
34872,25.922
34873,25.907
34874,25.871
34875,25.907
34876,25.994
34877,25.886
34878,25.984
34879,25.865
34880,25.865
34881,25.958
34882,25.963
34883,25.958
34884,26.149
34885,26.066
34886,26.2
34887,26.082
34888,26.185
34889,26.108
34890,26.308
34891,26.334
34892,26.349
34893,26.319
34894,26.339
34895,26.539
34896,26.652
34897,26.688
34898,26.678
34899,26.877
34900,26.898
34901,26.969
34902,26.908
34903,27.143
34904,27.158
34905,27.25
34906,27.341
34907,27.458
34908,27.677
34909,27.758
34910,28.001
34911,28.269
34912,28.39
34913,28.355
34914,28.732
34915,28.948
34916,29.028
34917,29.294
34918,29.673
34919,30.016
34920,30.185
34921,30.507
34922,30.931
34923,31.482
34924,31.995
34925,33.039
34926,33.839
34927,34.805
34928,35.251
34929,35.413
34930,35.781
34931,36.027
34932,35.928
34933,35.214
34934,34.757
34935,34.447
34936,34.079
34937,33.661
34938,33.7
34939,33.714
34940,33.406
34941,33.628
34942,33.397
34943,33.584
34944,33.724
34945,33.729
34946,33.844
34947,33.772
34948,33.628
34949,34.132
34950,34.428
34951,34.743
34952,34.929
34953,35.057
34954,34.905
34955,35.256
34956,35.323
34957,35.621
34958,35.64
34959,35.592
34960,34.667
34961,33.897
34962,33.093
34963,32.467
34964,31.917
34965,31.035
34966,29.847
34967,28.923
34968,28.41
34969,28.299
34970,28.082
34971,27.905
34972,27.748
34973,27.697
34974,27.275
34975,27.311
34976,27.367
34977,27.041
34978,27.092
34979,26.826
34980,26.862
34981,26.724
34982,26.775
34983,26.698
34984,26.437
34985,26.601
34986,26.375
34987,26.385
34988,26.509
34989,26.396
34990,26.406
34991,26.272
34992,26.277
34993,26.257
34994,26.2
34995,26.236
34996,26.072
34997,26.308
34998,26.128
34999,26.066
35000,26.159
35001,26.025
35002,26.077
35003,26.108
35004,26.061
35005,26.247
35006,26.092
35007,26.005
35008,25.938
35009,26.03
35010,26.056
35011,26.005
35012,25.85
35013,26.041
35014,25.938
35015,25.953
35016,26.025
35017,26.072
35018,26.02
35019,25.896
35020,25.963
35021,25.953
35022,25.979
35023,25.938
35024,25.902
35025,25.994
35026,26.02
35027,26.03
35028,26.154
35029,25.948
35030,25.907
35031,25.912
35032,25.876
35033,25.984
35034,26.02
35035,25.809
35036,25.958
35037,25.984
35038,26.041
35039,26.005
35040,25.891
35041,25.896
35042,25.855
35043,25.819
35044,25.958
35045,26.066
35046,26.082
35047,26.082
35048,26.046
35049,26.087
35050,26.139
35051,26.226
35052,26.252
35053,26.365
35054,26.385
35055,26.416
35056,26.529
35057,26.601
35058,26.647
35059,26.816
35060,26.739
35061,26.887
35062,26.969
35063,27.076
35064,27.275
35065,27.321
35066,27.316
35067,27.413
35068,27.55
35069,27.91
35070,27.966
35071,28.188
35072,28.228
35073,28.259
35074,28.677
35075,28.762
35076,29.113
35077,29.289
35078,29.578
35079,29.991
35080,30.21
35081,30.492
35082,30.892
35083,31.212
35084,31.741
35085,32.565
35086,33.459
35087,34.266
35088,34.933
35089,35.564
35090,35.824
35091,35.97
35092,35.573
35093,35.066
35094,34.6
35095,34.428
35096,34.103
35097,34.007
35098,33.681
35099,33.589
35100,33.45
35101,33.401
35102,33.575
35103,33.729
35104,33.637
35105,33.887
35106,33.791
35107,33.767
35108,33.959
35109,34.447
35110,35.057
35111,34.986
35112,34.976
35113,34.99
35114,35.199
35115,35.455
35116,35.597
35117,35.545
35118,35.46
35119,35.304
35120,34.294
35121,33.291
35122,32.793
35123,32.039
35124,31.359
35125,30.403
35126,29.214
35127,28.883
35128,28.345
35129,28.011
35130,27.864
35131,27.92
35132,27.778
35133,27.443
35134,27.29
35135,27.28
35136,27.285
35137,26.979
35138,27.03
35139,26.852
35140,26.847
35141,26.719
35142,26.632
35143,26.647
35144,26.611
35145,26.57
35146,26.498
35147,26.426
35148,26.442
35149,26.432
35150,26.416
35151,26.267
35152,26.272
35153,26.293
35154,26.262
35155,26.185
35156,26.159
35157,26.195
35158,26.118
35159,26.03
35160,26.082
35161,26.092
35162,26.118
35163,26.077
35164,26.133
35165,26.066
35166,26.164
35167,26.097
35168,25.963
35169,25.876
35170,25.932
35171,25.881
35172,26.046
35173,25.886
35174,25.979
35175,25.969
35176,25.891
35177,25.948
35178,25.912
35179,25.927
35180,25.989
35181,25.917
35182,25.948
35183,25.907
35184,25.943
35185,25.974
35186,26.066
35187,25.922
35188,25.974
35189,25.917
35190,25.881
35191,25.912
35192,25.974
35193,25.969
35194,25.896
35195,25.907
35196,25.886
35197,25.917
35198,25.969
35199,26.03
35200,25.69
35201,25.798
35202,25.747
35203,25.943
35204,26.046
35205,25.984
35206,25.989
35207,26.03
35208,26.077
35209,26.056
35210,26.113
35211,26.277
35212,26.38
35213,26.231
35214,26.457
35215,26.442
35216,26.534
35217,26.524
35218,26.632
35219,26.596
35220,26.673
35221,26.713
35222,26.979
35223,26.939
35224,27.056
35225,27.138
35226,27.229
35227,27.316
35228,27.519
35229,27.631
35230,27.859
35231,28.026
35232,28.163
35233,28.213
35234,28.496
35235,28.727
35236,28.727
35237,29.183
35238,29.528
35239,29.638
35240,30.036
35241,30.373
35242,30.739
35243,31.261
35244,31.452
35245,32.292
35246,32.933
35247,33.878
35248,34.676
35249,35.251
35250,35.786
35251,35.833
35252,35.427
35253,35.062
35254,34.719
35255,34.567
35256,34.136
35257,33.983
35258,33.565
35259,33.551
35260,33.57
35261,33.777
35262,33.796
35263,34.041
35264,33.791
35265,33.748
35266,33.714
35267,33.777
35268,34.184
35269,34.586
35270,35.351
35271,35.261
35272,34.967
35273,35.024
35274,35.043
35275,35.289
35276,35.247
35277,35.346
35278,35.195
35279,34.648
35280,33.705
35281,32.943
35282,32.195
35283,31.403
35284,30.596
35285,29.912
35286,29.123
35287,28.501
35288,28.289
35289,28.102
35290,27.793
35291,27.662
35292,27.636
35293,27.397
35294,27.321
35295,27.296
35296,27.173
35297,26.933
35298,26.918
35299,26.898
35300,26.8
35301,26.821
35302,26.616
35303,26.729
35304,26.616
35305,26.611
35306,26.452
35307,26.514
35308,26.432
35309,26.467
35310,26.411
35311,26.308
35312,26.231
35313,26.277
35314,26.272
35315,26.262
35316,26.226
35317,26.262
35318,26.133
35319,26.015
35320,26.103
35321,26.066
35322,26.103
35323,26.139
35324,26.061
35325,26.144
35326,26.082
35327,26.097
35328,26.02
35329,26.02
35330,26.005
35331,26.025
35332,25.963
35333,25.912
35334,25.989
35335,25.85
35336,25.896
35337,25.902
35338,25.845
35339,25.938
35340,25.953
35341,25.974
35342,25.938
35343,25.927
35344,25.938
35345,25.953
35346,26.103
35347,25.896
35348,25.953
35349,25.943
35350,25.927
35351,25.927
35352,25.809
35353,25.989
35354,25.829
35355,25.984
35356,25.927
35357,25.974
35358,26.02
35359,25.979
35360,25.767
35361,25.757
35362,25.742
35363,25.757
35364,25.886
35365,25.886
35366,25.912
35367,25.953
35368,25.984
35369,26.0
35370,26.19
35371,26.247
35372,26.154
35373,26.133
35374,26.267
35375,26.288
35376,26.37
35377,26.38
35378,26.621
35379,26.473
35380,26.498
35381,26.606
35382,26.841
35383,26.913
35384,26.964
35385,27.194
35386,27.194
35387,27.178
35388,27.423
35389,27.58
35390,27.834
35391,28.006
35392,27.915
35393,27.996
35394,28.43
35395,28.546
35396,28.767
35397,28.983
35398,29.349
35399,29.573
35400,29.832
35401,30.066
35402,30.437
35403,30.813
35404,31.359
35405,32.0
35406,32.613
35407,33.392
35408,34.294
35409,34.948
35410,35.55
35411,35.564
35412,35.356
35413,35.114
35414,34.748
35415,34.428
35416,34.146
35417,33.997
35418,33.782
35419,33.705
35420,33.863
35421,33.964
35422,34.065
35423,34.065
35424,33.623
35425,33.57
35426,33.599
35427,33.921
35428,34.342
35429,34.681
35430,35.469
35431,35.422
35432,35.071
35433,35.123
35434,35.19
35435,35.209
35436,35.19
35437,34.805
35438,34.356
35439,33.738
35440,33.064
35441,32.249
35442,31.472
35443,30.507
35444,29.703
35445,29.289
35446,28.813
35447,28.35
35448,28.047
35449,27.859
35450,27.783
35451,27.535
35452,27.504
35453,27.321
35454,27.015
35455,27.036
35456,26.933
35457,26.877
35458,26.785
35459,26.749
35460,26.688
35461,26.616
35462,26.575
35463,26.616
35464,26.401
35465,26.283
35466,26.267
35467,26.452
35468,26.226
35469,26.252
35470,26.231
35471,26.262
35472,26.185
35473,26.241
35474,26.18
35475,26.247
35476,26.175
35477,26.108
35478,26.092
35479,26.066
35480,26.082
35481,26.097
35482,26.077
35483,26.108
35484,26.051
35485,26.103
35486,26.046
35487,26.108
35488,26.036
35489,25.953
35490,25.927
35491,25.845
35492,25.948
35493,25.855
35494,25.922
35495,25.896
35496,25.881
35497,25.943
35498,25.948
35499,25.948
35500,25.912
35501,25.922
35502,25.989
35503,25.969
35504,25.932
35505,25.979
35506,25.974
35507,25.927
35508,25.927
35509,25.912
35510,25.927
35511,25.969
35512,25.938
35513,25.824
35514,25.984
35515,25.958
35516,25.886
35517,25.886
35518,26.015
35519,25.938
35520,25.695
35521,25.669
35522,25.71
35523,25.788
35524,25.855
35525,25.85
35526,25.886
35527,26.01
35528,26.005
35529,26.185
35530,26.195
35531,25.984
35532,26.221
35533,26.113
35534,26.247
35535,26.195
35536,26.36
35537,26.247
35538,26.257
35539,26.324
35540,26.539
35541,26.647
35542,26.749
35543,26.898
35544,26.954
35545,26.918
35546,27.081
35547,27.087
35548,27.418
35549,27.509
35550,27.611
35551,27.763
35552,27.88
35553,28.122
35554,28.415
35555,28.39
35556,28.727
35557,28.898
35558,29.214
35559,29.383
35560,29.658
35561,29.932
35562,30.423
35563,30.68
35564,31.113
35565,31.589
35566,32.176
35567,33.015
35568,33.868
35569,34.576
35570,34.933
35571,35.242
35572,35.142
35573,34.986
35574,34.562
35575,34.605
35576,34.352
35577,34.146
35578,34.026
35579,33.801
35580,34.108
35581,34.065
35582,34.179
35583,34.002
35584,33.56
35585,33.556
35586,33.83
35587,34.06
35588,34.428
35589,35.024
35590,35.597
35591,35.536
35592,35.247
35593,35.204
35594,35.256
35595,35.109
35596,34.81
35597,34.356
35598,33.724
35599,32.88
35600,32.083
35601,31.516
35602,30.754
35603,29.852
35604,29.098
35605,28.642
35606,28.39
35607,28.193
35608,27.961
35609,27.753
35610,27.484
35611,27.346
35612,27.397
35613,27.352
35614,26.969
35615,26.979
35616,26.857
35617,26.811
35618,26.719
35619,26.626
35620,26.56
35621,26.575
35622,26.539
35623,26.57
35624,26.293
35625,26.298
35626,26.303
35627,26.339
35628,26.339
35629,26.303
35630,26.221
35631,26.159
35632,26.2
35633,26.262
35634,26.293
35635,26.077
35636,26.195
35637,26.221
35638,26.19
35639,26.061
35640,25.994
35641,26.061
35642,26.128
35643,26.056
35644,26.051
35645,26.041
35646,26.025
35647,26.113
35648,26.041
35649,25.994
35650,25.948
35651,25.865
35652,25.974
35653,25.927
35654,25.958
35655,25.912
35656,25.881
35657,25.912
35658,25.886
35659,25.824
35660,26.087
35661,26.02
35662,25.932
35663,25.969
35664,25.963
35665,25.943
35666,25.907
35667,25.953
35668,25.855
35669,25.902
35670,25.902
35671,25.907
35672,25.994
35673,25.84
35674,25.85
35675,25.829
35676,25.943
35677,25.979
35678,25.912
35679,25.896
35680,25.679
35681,25.71
35682,25.695
35683,25.721
35684,25.798
35685,25.855
35686,25.871
35687,25.974
35688,26.087
35689,26.072
35690,25.994
35691,26.077
35692,26.169
35693,26.185
35694,26.097
35695,26.149
35696,26.298
35697,26.303
35698,26.241
35699,26.457
35700,26.457
35701,26.509
35702,26.647
35703,26.8
35704,26.785
35705,26.898
35706,26.923
35707,27.081
35708,27.245
35709,27.474
35710,27.575
35711,27.611
35712,27.768
35713,28.036
35714,28.158
35715,28.334
35716,28.41
35717,28.747
35718,29.033
35719,29.224
35720,29.598
35721,29.812
35722,30.324
35723,30.64
35724,31.0
35725,31.614
35726,32.19
35727,32.977
35728,33.709
35729,34.294
35730,34.652
35731,34.7
35732,34.867
35733,34.981
35734,34.576
35735,34.457
35736,34.356
35737,34.28
35738,34.199
35739,34.093
35740,34.203
35741,34.031
35742,34.007
35743,33.906
35744,33.618
35745,33.541
35746,33.82
35747,34.021
35748,34.237
35749,34.867
35750,35.375
35751,35.379
35752,35.123
35753,35.043
35754,34.843
35755,34.691
35756,34.112
35757,33.738
35758,32.856
35759,32.18
35760,31.467
35761,30.551
35762,29.822
35763,29.133
35764,28.687
35765,28.294
35766,28.077
35767,27.961
35768,27.88
35769,27.56
35770,27.402
35771,27.443
35772,27.346
35773,27.127
35774,27.036
35775,26.821
35776,26.821
35777,26.703
35778,26.616
35779,26.524
35780,26.642
35781,26.58
35782,26.55
35783,26.585
35784,26.38
35785,26.365
35786,26.272
35787,26.262
35788,26.277
35789,26.205
35790,26.221
35791,26.144
35792,26.169
35793,26.066
35794,26.159
35795,26.18
35796,26.164
35797,26.241
35798,26.041
35799,26.118
35800,26.118
35801,25.984
35802,26.092
35803,26.041
35804,26.092
35805,26.03
35806,26.02
35807,26.19
35808,26.046
35809,26.051
35810,25.907
35811,25.979
35812,25.948
35813,25.86
35814,25.834
35815,25.876
35816,25.938
35817,25.865
35818,25.902
35819,25.932
35820,25.979
35821,25.922
35822,26.005
35823,25.927
35824,25.798
35825,25.969
35826,25.943
35827,25.938
35828,25.927
35829,25.922
35830,25.886
35831,25.917
35832,25.917
35833,25.86
35834,26.01
35835,25.994
35836,26.015
35837,25.974
35838,25.963
35839,25.974
35840,25.695
35841,25.705
35842,25.659
35843,25.69
35844,25.721
35845,25.71
35846,25.886
35847,25.979
35848,26.036
35849,25.881
35850,26.03
35851,26.03
35852,26.036
35853,26.164
35854,26.18
35855,26.298
35856,26.241
35857,26.267
35858,26.262
35859,26.38
35860,26.478
35861,26.591
35862,26.652
35863,26.719
35864,26.703
35865,26.806
35866,26.8
35867,27.087
35868,27.061
35869,27.229
35870,27.443
35871,27.494
35872,27.611
35873,27.651
35874,28.006
35875,28.016
35876,28.254
35877,28.767
35878,28.813
35879,29.108
35880,29.383
35881,29.653
35882,30.031
35883,30.472
35884,30.857
35885,31.437
35886,32.049
35887,32.846
35888,33.56
35889,34.007
35890,34.242
35891,34.59
35892,34.752
35893,34.767
35894,34.638
35895,34.428
35896,34.213
35897,34.069
35898,34.285
35899,34.218
35900,34.065
35901,33.973
35902,33.825
35903,33.782
35904,33.536
35905,33.56
35906,33.762
35907,33.993
35908,34.409
35909,34.8
35910,35.081
35911,35.228
35912,35.038
35913,34.767
35914,34.213
35915,33.786
35916,33.17
35917,32.744
35918,32.156
35919,31.433
35920,30.546
35921,29.956
35922,29.264
35923,28.752
35924,28.627
35925,28.148
35926,27.93
35927,27.869
35928,27.621
35929,27.53
35930,27.479
35931,27.443
35932,27.158
35933,27.173
35934,27.117
35935,26.908
35936,26.918
35937,26.831
35938,26.744
35939,26.606
35940,26.652
35941,26.601
35942,26.488
35943,26.637
35944,26.313
35945,26.313
35946,26.262
35947,26.288
35948,26.329
35949,26.154
35950,26.252
35951,26.144
35952,26.072
35953,26.066
35954,26.236
35955,26.103
35956,26.123
35957,26.133
35958,26.056
35959,26.041
35960,26.046
35961,26.066
35962,26.123
35963,25.974
35964,26.015
35965,26.051
35966,25.948
35967,26.103
35968,25.979
35969,25.989
35970,26.077
35971,25.886
35972,25.932
35973,25.948
35974,25.876
35975,25.974
35976,26.051
35977,26.02
35978,25.871
35979,25.958
35980,26.015
35981,26.01
35982,26.103
35983,26.01
35984,25.969
35985,26.036
35986,26.077
35987,25.994
35988,26.02
35989,25.871
35990,25.974
35991,26.072
35992,26.061
35993,25.876
35994,26.041
35995,26.041
35996,25.984
35997,26.015
35998,26.03
35999,26.015
36000,25.674
36001,25.747
36002,25.685
36003,25.695
36004,25.742
36005,25.669
36006,25.819
36007,26.005
36008,25.932
36009,25.927
36010,25.902
36011,25.984
36012,25.943
36013,25.912
36014,26.128
36015,26.128
36016,26.221
36017,26.231
36018,26.18
36019,26.38
36020,26.344
36021,26.524
36022,26.544
36023,26.647
36024,26.616
36025,26.657
36026,26.877
36027,26.836
36028,27.122
36029,27.117
36030,27.25
36031,27.519
36032,27.509
36033,27.555
36034,27.92
36035,28.036
36036,28.203
36037,28.471
36038,28.687
36039,28.988
36040,29.148
36041,29.403
36042,29.822
36043,30.071
36044,30.67
36045,31.202
36046,31.878
36047,32.584
36048,33.397
36049,33.911
36050,34.132
36051,34.213
36052,34.552
36053,34.562
36054,34.462
36055,34.251
36056,34.055
36057,34.208
36058,34.199
36059,34.203
36060,33.954
36061,33.892
36062,33.791
36063,33.801
36064,33.671
36065,33.685
36066,33.978
36067,34.021
36068,34.404
36069,34.852
36070,34.871
36071,34.791
36072,34.471
36073,34.012
36074,33.633
36075,32.943
36076,32.409
36077,31.78
36078,31.241
36079,30.566
36080,29.847
36081,29.299
36082,28.787
36083,28.561
36084,28.259
36085,28.133
36086,27.885
36087,27.555
36088,27.621
36089,27.489
36090,27.153
36091,27.173
36092,27.173
36093,27.005
36094,26.944
36095,26.76
36096,26.621
36097,26.585
36098,26.611
36099,26.611
36100,26.57
36101,26.55
36102,26.452
36103,26.452
36104,26.467
36105,26.277
36106,26.144
36107,26.19
36108,26.226
36109,26.139
36110,26.211
36111,26.226
36112,26.169
36113,26.128
36114,26.082
36115,26.092
36116,26.097
36117,26.03
36118,25.994
36119,26.061
36120,26.0
36121,26.015
36122,26.036
36123,25.912
36124,25.994
36125,25.974
36126,26.005
36127,25.953
36128,26.02
36129,25.896
36130,25.881
36131,25.85
36132,25.917
36133,25.943
36134,25.938
36135,26.03
36136,26.051
36137,25.902
36138,26.036
36139,25.994
36140,25.974
36141,25.958
36142,26.092
36143,25.902
36144,25.948
36145,26.082
36146,25.824
36147,26.005
36148,25.814
36149,25.912
36150,25.793
36151,25.896
36152,25.943
36153,25.938
36154,25.958
36155,25.927
36156,25.932
36157,26.015
36158,26.0
36159,26.01
36160,25.623
36161,25.643
36162,25.674
36163,25.69
36164,25.659
36165,25.648
36166,25.814
36167,25.886
36168,25.891
36169,25.845
36170,25.891
36171,25.912
36172,25.907
36173,25.907
36174,25.927
36175,25.974
36176,26.015
36177,26.123
36178,26.133
36179,26.144
36180,26.329
36181,26.509
36182,26.555
36183,26.514
36184,26.621
36185,26.596
36186,26.688
36187,26.78
36188,26.908
36189,26.974
36190,27.194
36191,27.194
36192,27.362
36193,27.474
36194,27.636
36195,27.804
36196,28.062
36197,28.425
36198,28.576
36199,28.878
36200,28.948
36201,29.013
36202,29.508
36203,29.753
36204,30.383
36205,30.852
36206,31.423
36207,32.497
36208,33.189
36209,33.767
36210,33.945
36211,34.117
36212,34.242
36213,34.227
36214,34.151
36215,34.136
36216,34.117
36217,34.122
36218,34.065
36219,33.969
36220,34.084
36221,34.045
36222,33.733
36223,33.858
36224,33.623
36225,33.849
36226,33.945
36227,34.06
36228,34.428
36229,34.633
36230,34.509
36231,34.189
36232,33.782
36233,33.319
36234,32.768
36235,31.897
36236,31.251
36237,30.803
36238,30.22
36239,29.608
36240,29.289
36241,28.853
36242,28.536
36243,28.37
36244,28.082
36245,27.986
36246,27.758
36247,27.535
36248,27.453
36249,27.311
36250,27.204
36251,27.112
36252,27.041
36253,27.005
36254,26.831
36255,26.78
36256,26.626
36257,26.632
36258,26.565
36259,26.498
36260,26.447
36261,26.365
36262,26.375
36263,26.519
36264,26.298
36265,26.195
36266,26.097
36267,26.288
36268,26.19
36269,26.154
36270,26.247
36271,26.19
36272,26.19
36273,26.051
36274,26.139
36275,26.144
36276,26.097
36277,26.0
36278,26.025
36279,25.969
36280,26.015
36281,26.097
36282,26.056
36283,25.896
36284,25.871
36285,26.061
36286,26.066
36287,26.051
36288,26.041
36289,25.896
36290,25.917
36291,25.886
36292,25.829
36293,25.871
36294,25.845
36295,25.896
36296,26.061
36297,25.994
36298,26.056
36299,25.979
36300,25.984
36301,25.902
36302,25.922
36303,26.005
36304,25.907
36305,26.046
36306,26.03
36307,25.938
36308,25.86
36309,25.788
36310,26.02
36311,26.01
36312,26.061
36313,25.943
36314,26.01
36315,25.922
36316,25.969
36317,25.979
36318,25.974
36319,26.087
36320,25.633
36321,25.695
36322,25.69
36323,25.576
36324,25.674
36325,25.576
36326,25.778
36327,25.86
36328,25.793
36329,25.798
36330,25.814
36331,25.772
36332,25.953
36333,25.994
36334,25.86
36335,25.948
36336,25.938
36337,26.211
36338,26.123
36339,26.139
36340,26.205
36341,26.329
36342,26.401
36343,26.514
36344,26.565
36345,26.529
36346,26.534
36347,26.683
36348,26.841
36349,27.127
36350,27.127
36351,27.178
36352,27.336
36353,27.352
36354,27.656
36355,27.783
36356,28.042
36357,28.289
36358,28.37
36359,28.672
36360,28.998
36361,29.093
36362,29.528
36363,29.658
36364,30.229
36365,30.729
36366,31.32
36367,32.141
36368,32.894
36369,33.348
36370,33.921
36371,34.021
36372,34.132
36373,33.954
36374,34.06
36375,34.079
36376,34.122
36377,34.156
36378,34.136
36379,33.969
36380,34.175
36381,33.906
36382,33.926
36383,33.878
36384,34.021
36385,34.141
36386,34.045
36387,34.017
36388,34.036
36389,34.074
36390,33.863
36391,33.498
36392,33.064
36393,32.365
36394,31.687
36395,30.98
36396,30.437
36397,29.867
36398,29.523
36399,29.083
36400,28.828
36401,28.476
36402,28.299
36403,28.062
36404,27.945
36405,27.773
36406,27.509
36407,27.341
36408,27.138
36409,27.199
36410,26.954
36411,27.066
36412,26.928
36413,26.852
36414,26.657
36415,26.754
36416,26.555
36417,26.596
36418,26.539
36419,26.657
36420,26.55
36421,26.411
36422,26.493
36423,26.262
36424,26.349
36425,26.329
36426,26.355
36427,26.092
36428,26.283
36429,26.123
36430,26.288
36431,26.329
36432,26.169
36433,26.154
36434,26.082
36435,26.056
36436,26.123
36437,26.051
36438,26.015
36439,26.077
36440,26.082
36441,26.077
36442,26.025
36443,26.051
36444,25.922
36445,26.072
36446,26.051
36447,25.979
36448,26.066
36449,25.989
36450,25.984
36451,25.994
36452,25.932
36453,26.015
36454,25.922
36455,26.005
36456,25.974
36457,26.0
36458,26.041
36459,25.984
36460,25.922
36461,25.963
36462,26.051
36463,26.01
36464,25.953
36465,25.834
36466,25.932
36467,25.902
36468,26.046
36469,26.0
36470,25.963
36471,25.932
36472,25.994
36473,26.036
36474,26.051
36475,25.979
36476,26.169
36477,26.061
36478,26.082
36479,26.123
36480,25.566
36481,25.623
36482,25.685
36483,25.535
36484,25.71
36485,25.685
36486,25.628
36487,25.824
36488,25.674
36489,25.772
36490,25.84
36491,25.772
36492,25.927
36493,25.958
36494,25.922
36495,25.891
36496,25.896
36497,26.082
36498,26.046
36499,26.118
36500,26.082
36501,26.072
36502,26.241
36503,26.226
36504,26.411
36505,26.514
36506,26.667
36507,26.652
36508,26.77
36509,26.974
36510,27.168
36511,27.311
36512,27.209
36513,27.245
36514,27.697
36515,27.697
36516,27.844
36517,28.188
36518,28.36
36519,28.491
36520,28.672
36521,28.908
36522,29.123
36523,29.448
36524,29.847
36525,30.234
36526,30.887
36527,31.599
36528,32.54
36529,33.16
36530,33.695
36531,33.949
36532,33.868
36533,33.878
36534,33.844
36535,34.055
36536,34.084
36537,33.945
36538,34.117
36539,33.911
36540,33.902
36541,33.916
36542,33.973
36543,34.002
36544,33.993
36545,34.127
36546,33.916
36547,33.849
36548,33.738
36549,33.695
36550,33.464
36551,33.064
36552,32.759
36553,32.039
36554,31.005
36555,30.304
36556,29.772
36557,29.374
36558,28.888
36559,28.491
36560,28.4
36561,28.183
36562,28.001
36563,27.859
36564,27.692
36565,27.519
36566,27.377
36567,27.122
36568,27.046
36569,26.893
36570,26.877
36571,26.862
36572,26.918
36573,26.841
36574,26.652
36575,26.575
36576,26.616
36577,26.473
36578,26.457
36579,26.355
36580,26.385
36581,26.329
36582,26.277
36583,26.426
36584,26.293
36585,26.19
36586,26.221
36587,26.211
36588,26.221
36589,26.103
36590,26.226
36591,26.185
36592,26.149
36593,26.072
36594,26.097
36595,26.149
36596,26.03
36597,26.056
36598,25.989
36599,26.066
36600,25.989
36601,26.015
36602,26.066
36603,26.01
36604,26.01
36605,26.041
36606,26.015
36607,26.061
36608,26.02
36609,25.979
36610,25.958
36611,25.969
36612,25.958
36613,25.896
36614,25.932
36615,25.989
36616,25.938
36617,25.907
36618,26.01
36619,25.974
36620,25.994
36621,26.025
36622,26.036
36623,26.046
36624,26.041
36625,25.932
36626,25.938
36627,26.015
36628,25.979
36629,25.963
36630,26.046
36631,25.86
36632,26.061
36633,25.938
36634,26.015
36635,26.0
36636,25.979
36637,26.175
36638,26.19
36639,26.072
36640,25.54
36641,25.524
36642,25.576
36643,25.586
36644,25.607
36645,25.648
36646,25.819
36647,25.747
36648,25.757
36649,25.69
36650,25.767
36651,25.767
36652,25.7
36653,25.798
36654,25.752
36655,25.772
36656,25.902
36657,25.958
36658,25.943
36659,26.046
36660,26.046
36661,25.994
36662,26.247
36663,26.519
36664,26.534
36665,26.442
36666,26.555
36667,26.457
36668,26.662
36669,26.78
36670,26.984
36671,26.984
36672,26.995
36673,27.234
36674,27.326
36675,27.387
36676,27.631
36677,27.91
36678,27.986
36679,28.198
36680,28.41
36681,28.667
36682,28.878
36683,29.058
36684,29.388
36685,29.882
36686,30.467
36687,31.207
36688,31.951
36689,32.662
36690,33.237
36691,33.623
36692,33.815
36693,33.599
36694,33.777
36695,33.825
36696,33.825
36697,33.81
36698,33.786
36699,33.782
36700,33.748
36701,33.93
36702,33.772
36703,33.83
36704,33.719
36705,33.733
36706,33.762
36707,33.7
36708,33.527
36709,33.44
36710,33.242
36711,32.836
36712,32.312
36713,31.555
36714,30.527
36715,29.966
36716,29.383
36717,28.893
36718,28.465
36719,28.239
36720,28.087
36721,27.859
36722,27.722
36723,27.641
36724,27.479
36725,27.397
36726,27.163
36727,27.015
36728,26.893
36729,26.908
36730,26.867
36731,26.847
36732,26.857
36733,26.58
36734,26.529
36735,26.555
36736,26.396
36737,26.401
36738,26.38
36739,26.293
36740,26.247
36741,26.03
36742,26.144
36743,26.133
36744,26.252
36745,26.175
36746,26.118
36747,26.175
36748,26.061
36749,26.041
36750,26.061
36751,25.907
36752,26.185
36753,25.974
36754,26.046
36755,26.025
36756,26.087
36757,26.046
36758,26.005
36759,26.051
36760,26.066
36761,25.984
36762,26.025
36763,26.149
36764,25.984
36765,26.046
36766,25.932
36767,25.948
36768,25.969
36769,26.005
36770,25.969
36771,26.02
36772,26.0
36773,25.963
36774,25.912
36775,25.907
36776,25.855
36777,25.958
36778,25.943
36779,25.922
36780,25.989
36781,25.984
36782,25.963
36783,25.989
36784,26.036
36785,26.02
36786,26.005
36787,25.938
36788,25.943
36789,25.984
36790,26.015
36791,26.056
36792,25.902
36793,25.943
36794,25.948
36795,26.025
36796,26.02
36797,26.01
36798,26.149
36799,26.061
36800,25.535
36801,25.602
36802,25.576
36803,25.571
36804,25.602
36805,25.561
36806,25.623
36807,25.695
36808,25.654
36809,25.654
36810,25.607
36811,25.783
36812,25.824
36813,25.726
36814,25.752
36815,25.927
36816,25.907
36817,25.845
36818,25.886
36819,26.03
36820,25.974
36821,26.051
36822,26.257
36823,26.205
36824,26.411
36825,26.432
36826,26.462
36827,26.483
36828,26.616
36829,26.57
36830,26.78
36831,26.77
36832,26.995
36833,27.03
36834,27.24
36835,27.234
36836,27.469
36837,27.616
36838,27.875
36839,28.057
36840,28.057
36841,28.46
36842,28.657
36843,28.838
36844,29.028
36845,29.553
36846,30.086
36847,30.69
36848,31.452
36849,32.317
36850,32.73
36851,33.146
36852,33.599
36853,33.575
36854,33.397
36855,33.353
36856,33.541
36857,33.493
36858,33.44
36859,33.382
36860,33.464
36861,33.589
36862,33.676
36863,33.69
36864,33.685
36865,33.661
36866,33.445
36867,33.57
36868,33.551
36869,33.315
36870,33.049
36871,32.409
36872,31.682
36873,30.788
36874,30.155
36875,29.618
36876,29.244
36877,28.787
36878,28.471
36879,28.208
36880,28.067
36881,27.809
36882,27.712
36883,27.397
36884,27.27
36885,27.107
36886,27.092
36887,26.862
36888,26.79
36889,26.795
36890,26.719
36891,26.596
36892,26.596
36893,26.606
36894,26.447
36895,26.38
36896,26.406
36897,26.339
36898,26.324
36899,26.329
36900,26.375
36901,26.118
36902,26.133
36903,26.211
36904,26.149
36905,26.108
36906,26.144
36907,26.154
36908,26.061
36909,26.025
36910,26.077
36911,26.108
36912,26.164
36913,26.154
36914,25.896
36915,25.948
36916,26.005
36917,26.046
36918,25.922
36919,26.046
36920,26.066
36921,26.041
36922,26.087
36923,26.025
36924,26.046
36925,26.036
36926,26.046
36927,26.041
36928,25.907
36929,25.953
36930,26.041
36931,26.041
36932,26.036
36933,25.85
36934,25.824
36935,25.886
36936,25.845
36937,26.056
36938,25.994
36939,25.896
36940,25.896
36941,25.922
36942,25.994
36943,25.979
36944,26.077
36945,26.036
36946,26.036
36947,26.072
36948,26.03
36949,25.994
36950,25.948
36951,25.974
36952,25.984
36953,25.979
36954,25.963
36955,26.036
36956,25.938
36957,26.046
36958,26.108
36959,25.912
36960,25.405
36961,25.488
36962,25.695
36963,25.576
36964,25.524
36965,25.623
36966,25.452
36967,25.561
36968,25.561
36969,25.648
36970,25.674
36971,25.586
36972,25.721
36973,25.757
36974,25.778
36975,25.736
36976,25.783
36977,25.907
36978,25.845
36979,25.798
36980,26.03
36981,26.005
36982,26.154
36983,26.226
36984,26.401
36985,26.247
36986,26.288
36987,26.406
36988,26.539
36989,26.498
36990,26.754
36991,26.729
36992,26.739
36993,26.898
36994,27.066
36995,27.076
36996,27.275
36997,27.397
36998,27.743
36999,27.738
37000,27.905
37001,28.127
37002,28.385
37003,28.647
37004,28.848
37005,29.299
37006,29.558
37007,30.115
37008,30.838
37009,31.467
37010,32.166
37011,32.618
37012,33.01
37013,33.204
37014,33.271
37015,33.194
37016,33.141
37017,33.257
37018,33.059
37019,33.18
37020,33.319
37021,33.43
37022,33.44
37023,33.483
37024,33.498
37025,33.498
37026,33.445
37027,33.546
37028,33.503
37029,33.03
37030,32.453
37031,31.795
37032,30.951
37033,30.2
37034,29.568
37035,28.968
37036,28.797
37037,28.445
37038,28.117
37039,28.036
37040,27.799
37041,27.611
37042,27.408
37043,27.255
37044,27.087
37045,27.076
37046,27.036
37047,26.775
37048,26.55
37049,26.616
37050,26.611
37051,26.642
37052,26.58
37053,26.591
37054,26.39
37055,26.411
37056,26.39
37057,26.509
37058,26.38
37059,26.319
37060,26.298
37061,26.283
37062,26.247
37063,26.252
37064,26.164
37065,26.267
37066,26.19
37067,25.994
37068,26.041
37069,25.943
37070,26.092
37071,26.18
37072,26.046
37073,26.046
37074,25.984
37075,26.128
37076,25.994
37077,26.051
37078,26.015
37079,26.087
37080,25.953
37081,26.03
37082,26.041
37083,26.046
37084,26.015
37085,25.974
37086,25.979
37087,26.072
37088,26.061
37089,25.958
37090,26.092
37091,26.061
37092,26.082
37093,25.881
37094,25.85
37095,25.963
37096,25.907
37097,26.051
37098,25.86
37099,25.938
37100,25.922
37101,25.865
37102,25.865
37103,25.948
37104,25.979
37105,25.829
37106,26.01
37107,26.03
37108,26.03
37109,26.02
37110,26.02
37111,25.938
37112,26.066
37113,25.958
37114,26.03
37115,26.046
37116,26.02
37117,26.01
37118,26.015
37119,26.128
37120,25.364
37121,25.483
37122,25.467
37123,25.421
37124,25.504
37125,25.369
37126,25.576
37127,25.436
37128,25.498
37129,25.447
37130,25.41
37131,25.566
37132,25.628
37133,25.669
37134,25.602
37135,25.819
37136,25.69
37137,25.881
37138,25.824
37139,25.829
37140,25.969
37141,26.005
37142,26.051
37143,26.025
37144,25.994
37145,26.046
37146,26.041
37147,26.211
37148,26.211
37149,26.38
37150,26.442
37151,26.514
37152,26.667
37153,26.744
37154,26.903
37155,26.984
37156,27.076
37157,27.29
37158,27.489
37159,27.56
37160,27.743
37161,27.91
37162,28.112
37163,28.314
37164,28.496
37165,28.843
37166,29.063
37167,29.388
37168,30.125
37169,30.921
37170,31.668
37171,31.937
37172,32.443
37173,32.836
37174,32.812
37175,32.788
37176,32.918
37177,32.773
37178,32.885
37179,32.7
37180,32.996
37181,33.126
37182,33.068
37183,33.141
37184,33.204
37185,33.31
37186,33.406
37187,33.17
37188,32.802
37189,32.317
37190,31.79
37191,30.956
37192,30.125
37193,29.538
37194,28.958
37195,28.586
37196,28.36
37197,28.188
37198,27.854
37199,27.809
37200,27.646
37201,27.463
37202,27.255
37203,27.107
37204,27.056
37205,26.893
37206,26.775
37207,26.734
37208,26.683
37209,26.585
37210,26.524
37211,26.58
37212,26.596
37213,26.493
37214,26.262
37215,26.416
37216,26.267
37217,26.401
37218,26.324
37219,26.355
37220,26.308
37221,26.072
37222,26.133
37223,26.149
37224,26.133
37225,26.133
37226,26.066
37227,25.974
37228,26.077
37229,26.097
37230,26.267
37231,26.139
37232,26.113
37233,25.953
37234,25.958
37235,25.943
37236,26.061
37237,25.932
37238,25.979
37239,26.02
37240,25.871
37241,25.932
37242,25.953
37243,25.953
37244,25.865
37245,25.896
37246,25.86
37247,25.958
37248,25.907
37249,25.974
37250,26.092
37251,25.948
37252,25.762
37253,25.943
37254,25.917
37255,26.123
37256,25.958
37257,25.958
37258,26.082
37259,26.01
37260,25.974
37261,25.963
37262,25.927
37263,26.0
37264,26.015
37265,25.943
37266,25.948
37267,26.056
37268,26.087
37269,26.03
37270,25.989
37271,26.072
37272,26.072
37273,26.082
37274,26.087
37275,26.015
37276,26.0
37277,26.056
37278,26.118
37279,26.072
37280,25.452
37281,25.26
37282,25.395
37283,25.447
37284,25.431
37285,25.379
37286,25.452
37287,25.395
37288,25.436
37289,25.524
37290,25.524
37291,25.426
37292,25.54
37293,25.493
37294,25.576
37295,25.628
37296,25.669
37297,25.71
37298,25.783
37299,25.783
37300,25.855
37301,25.783
37302,25.778
37303,25.902
37304,26.051
37305,26.128
37306,26.025
37307,26.19
37308,26.267
37309,26.36
37310,26.365
37311,26.442
37312,26.57
37313,26.575
37314,26.795
37315,26.923
37316,26.867
37317,27.01
37318,27.326
37319,27.474
37320,27.484
37321,27.783
37322,27.799
37323,28.042
37324,28.279
37325,28.465
37326,28.682
37327,29.018
37328,29.398
37329,29.947
37330,30.724
37331,31.187
37332,31.707
37333,32.127
37334,32.326
37335,32.37
37336,32.399
37337,32.497
37338,32.414
37339,32.453
37340,32.569
37341,32.773
37342,32.73
37343,32.744
37344,32.73
37345,32.841
37346,32.875
37347,32.424
37348,32.005
37349,31.717
37350,30.921
37351,30.066
37352,29.234
37353,28.938
37354,28.632
37355,28.153
37356,28.057
37357,27.677
37358,27.692
37359,27.545
37360,27.341
37361,27.331
37362,27.066
37363,27.102
37364,26.857
37365,26.831
37366,26.77
37367,26.693
37368,26.693
37369,26.498
37370,26.406
37371,26.396
37372,26.406
37373,26.426
37374,26.329
37375,26.324
37376,26.247
37377,26.236
37378,26.077
37379,26.154
37380,26.087
37381,26.175
37382,26.128
37383,26.154
37384,26.139
37385,26.066
37386,25.984
37387,26.036
37388,26.082
37389,26.015
37390,26.036
37391,26.066
37392,26.051
37393,26.036
37394,25.834
37395,25.865
37396,25.876
37397,25.829
37398,25.948
37399,25.896
37400,26.02
37401,26.046
37402,25.958
37403,25.912
37404,25.865
37405,25.917
37406,25.778
37407,25.917
37408,26.041
37409,26.02
37410,25.948
37411,25.922
37412,26.03
37413,25.912
37414,25.932
37415,26.005
37416,26.03
37417,25.984
37418,26.01
37419,25.927
37420,25.994
37421,25.922
37422,26.015
37423,25.969
37424,26.025
37425,25.994
37426,25.989
37427,26.015
37428,25.963
37429,26.123
37430,26.175
37431,26.077
37432,25.891
37433,26.01
37434,26.113
37435,26.077
37436,26.118
37437,26.036
37438,26.103
37439,26.092
37440,25.348
37441,25.4
37442,25.384
37443,25.338
37444,25.353
37445,25.4
37446,25.353
37447,25.493
37448,25.395
37449,25.457
37450,25.426
37451,25.462
37452,25.4
37453,25.441
37454,25.581
37455,25.55
37456,25.659
37457,25.555
37458,25.643
37459,25.638
37460,25.592
37461,25.834
37462,25.798
37463,25.871
37464,25.907
37465,26.025
37466,25.943
37467,26.041
37468,26.185
37469,26.277
37470,26.467
37471,26.421
37472,26.437
37473,26.452
37474,26.58
37475,26.708
37476,26.795
37477,26.831
37478,27.092
37479,27.081
37480,27.26
37481,27.509
37482,27.662
37483,27.778
37484,28.057
37485,28.239
37486,28.294
37487,28.652
37488,28.777
37489,29.329
37490,29.952
37491,30.418
37492,31.084
37493,31.516
37494,31.687
37495,31.81
37496,31.878
37497,31.932
37498,32.034
37499,32.024
37500,32.088
37501,32.151
37502,32.356
37503,32.263
37504,32.414
37505,32.429
37506,32.063
37507,31.707
37508,31.231
37509,30.601
37510,29.887
37511,29.254
37512,28.712
37513,28.521
37514,28.304
37515,27.925
37516,27.712
37517,27.469
37518,27.443
37519,27.316
37520,27.275
37521,27.025
37522,26.923
37523,26.903
37524,26.683
37525,26.811
37526,26.667
37527,26.421
37528,26.483
37529,26.462
37530,26.339
37531,26.457
37532,26.339
37533,26.349
37534,26.421
37535,26.308
37536,26.19
37537,26.128
37538,26.056
37539,26.056
37540,26.051
37541,26.159
37542,26.077
37543,26.077
37544,26.175
37545,26.139
37546,25.927
37547,25.902
37548,25.948
37549,26.103
37550,26.02
37551,26.03
37552,25.953
37553,25.974
37554,25.958
37555,25.803
37556,25.891
37557,25.938
37558,26.041
37559,26.01
37560,25.922
37561,26.005
37562,26.01
37563,26.025
37564,25.969
37565,25.953
37566,25.829
37567,26.077
37568,26.041
37569,25.989
37570,25.896
37571,26.103
37572,26.077
37573,25.917
37574,25.938
37575,26.092
37576,25.943
37577,25.994
37578,25.979
37579,26.025
37580,25.871
37581,25.814
37582,26.015
37583,25.922
37584,25.927
37585,26.03
37586,26.061
37587,26.056
37588,26.025
37589,26.015
37590,26.128
37591,26.144
37592,26.015
37593,26.056
37594,26.066
37595,26.108
37596,26.185
37597,26.056
37598,26.036
37599,26.03
37600,25.338
37601,25.359
37602,25.307
37603,25.26
37604,25.421
37605,25.317
37606,25.421
37607,25.218
37608,25.166
37609,25.229
37610,25.239
37611,25.229
37612,25.343
37613,25.4
37614,25.405
37615,25.467
37616,25.416
37617,25.535
37618,25.54
37619,25.597
37620,25.623
37621,25.736
37622,25.731
37623,25.685
37624,25.953
37625,25.783
37626,25.742
37627,25.736
37628,26.02
37629,26.077
37630,26.19
37631,26.149
37632,26.231
37633,26.442
37634,26.406
37635,26.457
37636,26.529
37637,26.673
37638,26.76
37639,26.959
37640,27.066
37641,27.066
37642,27.331
37643,27.377
37644,27.748
37645,27.809
37646,28.052
37647,28.274
37648,28.274
37649,28.687
37650,29.249
37651,29.543
37652,30.155
37653,30.477
37654,30.921
37655,30.951
37656,31.3
37657,31.374
37658,31.32
37659,31.354
37660,31.531
37661,31.712
37662,31.462
37663,31.81
37664,31.785
37665,31.653
37666,31.158
37667,30.581
37668,30.061
37669,29.473
37670,28.943
37671,28.516
37672,28.178
37673,27.986
37674,27.839
37675,27.54
37676,27.275
37677,27.214
37678,27.036
37679,27.03
37680,26.923
37681,26.724
37682,26.565
37683,26.606
37684,26.596
37685,26.421
37686,26.447
37687,26.38
37688,26.39
37689,26.169
37690,26.19
37691,26.205
37692,26.344
37693,26.221
37694,26.144
37695,26.113
37696,26.01
37697,25.876
37698,25.917
37699,26.077
37700,26.056
37701,26.082
37702,26.092
37703,26.005
37704,25.943
37705,25.943
37706,25.917
37707,25.881
37708,25.902
37709,25.969
37710,25.989
37711,25.907
37712,26.015
37713,25.907
37714,25.943
37715,25.886
37716,25.943
37717,25.886
37718,25.969
37719,25.84
37720,25.865
37721,25.943
37722,25.845
37723,25.912
37724,25.886
37725,26.051
37726,25.84
37727,25.932
37728,26.087
37729,25.938
37730,26.015
37731,25.984
37732,26.041
37733,26.113
37734,25.912
37735,26.01
37736,25.979
37737,25.896
37738,25.922
37739,25.855
37740,25.907
37741,25.793
37742,25.855
37743,25.974
37744,26.072
37745,25.974
37746,25.979
37747,25.984
37748,26.046
37749,26.036
37750,26.066
37751,26.041
37752,26.092
37753,26.025
37754,26.056
37755,26.113
37756,26.051
37757,26.066
37758,26.108
37759,26.01
37760,25.405
37761,25.27
37762,25.265
37763,25.338
37764,25.327
37765,25.421
37766,25.421
37767,25.286
37768,25.27
37769,25.146
37770,25.25
37771,25.26
37772,25.307
37773,25.364
37774,25.4
37775,25.571
37776,25.566
37777,25.545
37778,25.395
37779,25.566
37780,25.597
37781,25.669
37782,25.607
37783,25.623
37784,25.633
37785,25.648
37786,25.922
37787,25.71
37788,25.803
37789,26.041
37790,25.938
37791,25.938
37792,26.103
37793,26.097
37794,26.262
37795,26.185
37796,26.36
37797,26.483
37798,26.632
37799,26.744
37800,26.836
37801,26.969
37802,27.112
37803,27.402
37804,27.357
37805,27.809
37806,27.626
37807,27.986
37808,28.062
37809,28.254
37810,28.486
37811,28.787
37812,29.224
37813,29.703
37814,30.14
37815,30.467
37816,30.615
37817,30.818
37818,30.882
37819,30.852
37820,30.852
37821,31.138
37822,31.128
37823,30.956
37824,30.833
37825,30.383
37826,30.021
37827,29.478
37828,29.158
37829,28.491
37830,28.218
37831,27.895
37832,27.773
37833,27.814
37834,27.565
37835,27.28
37836,27.092
37837,27.081
37838,27.056
37839,26.918
37840,26.857
37841,26.749
37842,26.698
37843,26.606
37844,26.498
37845,26.37
37846,26.426
37847,26.221
37848,26.272
37849,26.277
37850,26.221
37851,26.221
37852,26.37
37853,26.133
37854,26.133
37855,26.159
37856,25.958
37857,25.896
37858,25.932
37859,25.881
37860,26.041
37861,26.066
37862,25.989
37863,25.984
37864,26.046
37865,25.963
37866,25.912
37867,25.881
37868,26.01
37869,25.886
37870,25.984
37871,25.963
37872,26.03
37873,25.953
37874,26.025
37875,26.118
37876,25.943
37877,25.871
37878,25.85
37879,25.865
37880,26.025
37881,25.974
37882,25.948
37883,25.969
37884,25.891
37885,25.974
37886,25.871
37887,25.974
37888,26.18
37889,26.02
37890,26.046
37891,25.953
37892,25.938
37893,25.881
37894,26.061
37895,25.938
37896,25.938
37897,26.036
37898,25.994
37899,25.891
37900,25.984
37901,25.855
37902,25.917
37903,25.855
37904,25.948
37905,25.912
37906,26.025
37907,26.01
37908,26.046
37909,26.015
37910,26.154
37911,26.175
37912,26.103
37913,25.994
37914,26.025
37915,26.02
37916,26.015
37917,26.077
37918,25.871
37919,26.118
37920,25.291
37921,25.244
37922,25.25
37923,25.234
37924,25.255
37925,25.218
37926,25.374
37927,25.239
37928,25.135
37929,25.208
37930,25.208
37931,25.291
37932,25.265
37933,25.276
37934,25.359
37935,25.436
37936,25.364
37937,25.421
37938,25.524
37939,25.384
37940,25.607
37941,25.498
37942,25.612
37943,25.638
37944,25.467
37945,25.643
37946,25.752
37947,25.685
37948,25.824
37949,25.86
37950,25.778
37951,25.772
37952,25.803
37953,25.845
37954,26.092
37955,26.139
37956,26.097
37957,26.426
37958,26.473
37959,26.596
37960,26.596
37961,26.795
37962,26.785
37963,26.995
37964,27.087
37965,27.148
37966,27.413
37967,27.362
37968,27.651
37969,27.783
37970,27.935
37971,28.057
37972,28.41
37973,28.823
37974,29.359
37975,29.787
37976,30.046
37977,30.229
37978,30.16
37979,30.309
37980,30.289
37981,30.289
37982,30.304
37983,30.021
37984,29.623
37985,29.289
37986,28.963
37987,28.576
37988,28.234
37989,27.895
37990,27.58
37991,27.59
37992,27.57
37993,27.443
37994,27.255
37995,27.132
37996,26.821
37997,26.862
37998,26.79
37999,26.754
38000,26.785
38001,26.637
38002,26.596
38003,26.591
38004,26.37
38005,26.442
38006,26.324
38007,26.2
38008,26.195
38009,26.061
38010,26.18
38011,26.03
38012,26.077
38013,26.169
38014,26.144
38015,26.133
38016,25.994
38017,26.005
38018,25.912
38019,25.871
38020,26.036
38021,26.02
38022,25.984
38023,26.03
38024,26.03
38025,26.066
38026,25.938
38027,25.845
38028,25.886
38029,25.912
38030,25.917
38031,25.974
38032,25.932
38033,26.072
38034,26.025
38035,26.02
38036,25.984
38037,25.778
38038,25.865
38039,25.803
38040,25.896
38041,25.876
38042,26.097
38043,25.994
38044,25.876
38045,25.927
38046,25.778
38047,26.0
38048,25.943
38049,25.917
38050,26.005
38051,25.989
38052,26.005
38053,25.994
38054,25.927
38055,25.917
38056,25.974
38057,25.845
38058,25.974
38059,25.943
38060,25.829
38061,25.958
38062,25.84
38063,25.845
38064,25.948
38065,25.912
38066,25.963
38067,25.84
38068,26.103
38069,26.195
38070,26.051
38071,26.077
38072,26.082
38073,26.061
38074,26.195
38075,26.061
38076,26.01
38077,25.994
38078,26.061
38079,26.015
38080,25.115
38081,25.192
38082,25.218
38083,25.192
38084,25.187
38085,25.296
38086,25.172
38087,25.161
38088,25.166
38089,25.327
38090,25.177
38091,25.281
38092,25.172
38093,25.234
38094,25.26
38095,25.296
38096,25.312
38097,25.327
38098,25.317
38099,25.41
38100,25.405
38101,25.353
38102,25.4
38103,25.514
38104,25.514
38105,25.498
38106,25.55
38107,25.726
38108,25.674
38109,25.829
38110,25.669
38111,25.7
38112,25.778
38113,25.793
38114,25.783
38115,26.103
38116,26.113
38117,26.252
38118,26.252
38119,26.411
38120,26.39
38121,26.462
38122,26.719
38123,26.744
38124,26.729
38125,26.76
38126,27.025
38127,27.25
38128,27.275
38129,27.352
38130,27.367
38131,27.667
38132,27.799
38133,28.102
38134,28.435
38135,29.063
38136,29.388
38137,29.583
38138,29.807
38139,29.653
38140,29.762
38141,29.443
38142,29.369
38143,28.963
38144,28.581
38145,28.365
38146,28.092
38147,27.804
38148,27.545
38149,27.519
38150,27.413
38151,27.178
38152,27.245
38153,27.051
38154,26.836
38155,26.795
38156,26.678
38157,26.739
38158,26.565
38159,26.544
38160,26.739
38161,26.585
38162,26.396
38163,26.37
38164,26.324
38165,26.221
38166,26.159
38167,26.175
38168,26.108
38169,26.066
38170,26.005
38171,26.036
38172,26.113
38173,26.066
38174,26.087
38175,25.979
38176,25.917
38177,25.922
38178,25.881
38179,26.036
38180,25.943
38181,26.072
38182,25.891
38183,26.03
38184,25.912
38185,25.834
38186,25.767
38187,25.984
38188,25.907
38189,25.927
38190,25.907
38191,26.01
38192,26.02
38193,25.927
38194,25.938
38195,26.097
38196,26.041
38197,26.041
38198,25.798
38199,25.943
38200,25.865
38201,25.881
38202,25.953
38203,25.824
38204,25.958
38205,26.077
38206,25.948
38207,25.989
38208,25.963
38209,26.02
38210,25.938
38211,25.938
38212,25.85
38213,25.84
38214,26.072
38215,25.932
38216,26.072
38217,25.865
38218,25.943
38219,25.963
38220,25.814
38221,25.896
38222,25.922
38223,25.865
38224,25.902
38225,25.932
38226,26.082
38227,25.922
38228,26.066
38229,25.984
38230,26.133
38231,26.051
38232,26.103
38233,26.092
38234,26.159
38235,25.989
38236,25.855
38237,26.082
38238,26.149
38239,26.077
38240,24.927
38241,25.052
38242,25.037
38243,25.135
38244,25.12
38245,25.073
38246,25.068
38247,25.135
38248,25.078
38249,25.161
38250,25.198
38251,25.021
38252,25.244
38253,25.011
38254,25.234
38255,25.213
38256,25.229
38257,25.198
38258,25.234
38259,25.416
38260,25.348
38261,25.353
38262,25.166
38263,25.25
38264,25.218
38265,25.322
38266,25.265
38267,25.405
38268,25.504
38269,25.524
38270,25.555
38271,25.679
38272,25.54
38273,25.726
38274,25.747
38275,26.005
38276,25.829
38277,26.03
38278,26.149
38279,26.139
38280,26.066
38281,26.37
38282,26.37
38283,26.524
38284,26.529
38285,26.509
38286,26.585
38287,26.826
38288,26.887
38289,26.913
38290,27.03
38291,27.051
38292,27.321
38293,27.474
38294,27.819
38295,28.102
38296,28.551
38297,28.898
38298,28.893
38299,28.913
38300,28.868
38301,28.802
38302,28.501
38303,28.112
38304,27.733
38305,27.575
38306,27.418
38307,27.285
38308,27.209
38309,27.076
38310,27.005
38311,26.831
38312,26.78
38313,26.673
38314,26.693
38315,26.662
38316,26.637
38317,26.637
38318,26.385
38319,26.452
38320,26.447
38321,26.432
38322,26.401
38323,26.293
38324,26.154
38325,26.288
38326,26.123
38327,26.056
38328,25.86
38329,26.03
38330,25.943
38331,26.02
38332,26.03
38333,26.051
38334,25.922
38335,25.948
38336,25.917
38337,25.86
38338,25.891
38339,25.726
38340,26.02
38341,25.948
38342,25.948
38343,25.948
38344,25.953
38345,25.865
38346,25.932
38347,25.907
38348,25.896
38349,25.891
38350,25.886
38351,25.917
38352,25.891
38353,26.02
38354,26.087
38355,25.958
38356,26.056
38357,26.066
38358,25.994
38359,25.829
38360,25.938
38361,25.958
38362,26.02
38363,25.912
38364,25.969
38365,26.097
38366,25.922
38367,26.01
38368,25.984
38369,25.989
38370,25.979
38371,25.927
38372,25.912
38373,25.927
38374,26.0
38375,25.958
38376,25.876
38377,25.917
38378,25.943
38379,25.803
38380,25.814
38381,25.824
38382,25.865
38383,25.922
38384,25.907
38385,26.036
38386,26.03
38387,26.154
38388,25.876
38389,25.958
38390,26.056
38391,26.041
38392,25.907
38393,26.144
38394,26.247
38395,26.077
38396,26.03
38397,26.0
38398,26.046
38399,26.051
